0	13
1	13
2	13
3	13
4	13
5	13
6	13
7	13
8	13
9	13
10	13
11	13
12	13
13	13
14	13
15	13
16	13
17	13
18	13
19	13
20	13
21	13
22	13
23	13
24	13
25	13
26	13
27	13
28	13
29	8
30	8
31	8
32	8
33	8
34	8
35	8
36	8
37	8
38	8
39	8
40	8
41	8
42	8
43	8
44	8
45	8
46	8
47	8
48	8
49	8
50	8
51	8
52	8
53	8
54	18
55	18
56	18
57	18
58	18
59	18
60	18
61	18
62	18
63	18
64	18
65	18
66	18
67	18
68	18
69	18
70	18
71	18
72	18
73	18
74	18
75	18
76	18
77	18
78	18
79	30
80	30
81	30
82	30
83	30
84	30
85	30
86	30
87	30
88	30
89	30
90	30
91	30
92	30
93	30
94	30
95	30
96	30
97	30
98	30
99	30
100	30
101	30
102	30
103	30
104	30
105	30
106	30
107	30
108	39
109	39
110	39
111	39
112	39
113	39
114	39
115	39
116	39
117	39
118	39
119	39
120	39
121	39
122	39
123	39
124	39
125	39
126	39
127	39
128	39
129	39
130	39
131	39
132	39
133	39
134	39
135	39
136	39
137	39
138	39
139	39
140	39
141	39
142	39
143	39
144	39
145	39
146	39
147	39
148	39
149	39
150	39
151	39
152	39
153	39
154	39
155	39
156	39
157	39
158	39
159	39
160	39
161	39
162	39
163	39
164	39
165	39
166	39
167	39
168	39
169	39
170	39
171	39
172	39
173	39
174	39
175	39
176	39
177	39
178	39
179	39
180	39
181	39
182	39
183	39
184	39
185	2061
186	2041
187	2041
188	2041
189	2041
190	2041
191	2041
192	2041
193	2041
194	2041
195	2041
196	2041
197	2041
198	2041
199	2041
200	2041
201	2041
202	2041
203	2041
204	2041
205	2041
206	2041
207	2041
208	2041
209	2041
210	2041
211	2045
212	2045
213	2045
214	2045
215	2045
216	2045
217	2045
218	2045
219	2045
220	2045
221	2045
222	2045
223	2045
224	2045
225	2045
226	2045
227	2045
228	2045
229	2045
230	2045
231	2045
232	2045
233	2045
234	2045
235	2045
236	2049
237	2049
238	2049
239	2049
240	2049
241	2049
242	2049
243	2049
244	2049
245	2049
246	2049
247	2049
248	2049
249	2049
250	2049
251	2049
252	2049
253	2049
254	2049
255	2049
256	2049
257	2049
258	2049
259	2049
260	2047
261	2047
262	2047
263	2047
264	2047
265	2047
266	2047
267	2047
268	2047
269	2047
270	2047
271	2047
272	2047
273	2047
274	2047
275	2047
276	2047
277	2047
278	2047
279	2047
280	2047
281	2047
282	2047
283	2047
284	2047
285	2047
286	2047
287	2047
288	2047
289	2065
290	2065
291	2065
292	2065
293	2065
294	2065
295	2065
296	2065
297	2065
298	2065
299	2065
300	2065
301	2065
302	2065
303	2065
304	2065
305	2065
306	2065
307	2065
308	2065
309	2065
310	2065
311	2065
312	2065
313	2065
314	2055
315	2055
316	2055
317	2055
318	2055
319	2055
320	2055
321	2055
322	2055
323	2055
324	2055
325	2055
326	2055
327	2055
328	2055
329	2055
330	2055
331	2055
332	2055
333	2055
334	2055
335	2055
336	2055
337	2055
338	2055
339	2045
340	2045
341	2045
342	2045
343	2045
344	2045
345	2045
346	2045
347	2045
348	2045
349	2045
350	2045
351	2045
352	2045
353	2045
354	2045
355	2045
356	2045
357	2045
358	2045
359	2045
360	2045
361	2045
362	2045
363	2045
364	2045
365	2045
366	2045
367	2045
368	2052
369	2052
370	2052
371	2052
372	2052
373	2052
374	2052
375	2052
376	2052
377	2052
378	2052
379	2052
380	2052
381	2052
382	2052
383	2052
384	2052
385	2052
386	2052
387	2052
388	2052
389	2052
390	2052
391	2052
392	2042
393	2042
394	2042
395	2042
396	2042
397	2042
398	2042
399	2042
400	2042
401	2042
402	2042
403	2042
404	2042
405	2042
406	2042
407	2042
408	2042
409	2042
410	2042
411	2042
412	2042
413	2042
414	2042
415	2042
416	2042
417	2006
418	2006
419	2006
420	2006
421	2006
422	2006
423	2006
424	2006
425	2006
426	2006
427	2006
428	2006
429	2006
430	2006
431	2006
432	2006
433	2006
434	2006
435	2006
436	2006
437	2006
438	2006
439	2006
440	2006
441	2006
442	2006
443	2006
444	2006
445	2006
446	1999
447	1999
448	1999
449	1999
450	1999
451	1999
452	1999
453	1999
454	1999
455	1999
456	1999
457	1999
458	1999
459	1999
460	1999
461	1999
462	1999
463	1999
464	1999
465	1999
466	1999
467	1999
468	1999
469	1999
470	1999
471	2001
472	2001
473	2001
474	2001
475	2001
476	2001
477	2001
478	2001
479	2001
480	2001
481	2001
482	2001
483	2001
484	2001
485	2001
486	2001
487	2001
488	2001
489	2001
490	2001
491	2001
492	2001
493	2001
494	2001
495	2001
496	2001
497	2001
498	2001
499	2001
500	2001
501	2001
502	2001
503	2001
504	2001
505	2001
506	2001
507	2001
508	2001
509	2001
510	2001
511	2001
512	2001
513	2001
514	2001
515	2001
516	2001
517	2001
518	2001
519	2001
520	2001
521	1999
522	1999
523	1999
524	1999
525	1999
526	1999
527	1999
528	1999
529	1999
530	1999
531	1999
532	1999
533	1999
534	1999
535	1999
536	1999
537	1999
538	1999
539	1999
540	1999
541	1999
542	1999
543	1999
544	1999
545	1999
546	1999
547	1999
548	1999
549	43
550	43
551	43
552	43
553	43
554	43
555	43
556	43
557	43
558	43
559	43
560	43
561	43
562	43
563	43
564	43
565	43
566	43
567	43
568	43
569	43
570	43
571	43
572	43
573	43
574	43
575	43
576	43
577	43
578	43
579	43
580	43
581	43
582	43
583	43
584	43
585	43
586	43
587	43
588	43
589	43
590	43
591	43
592	43
593	43
594	43
595	43
596	43
597	43
598	43
599	43
600	43
601	43
602	43
603	43
604	43
605	43
606	43
607	43
608	43
609	43
610	43
611	43
612	43
613	43
614	43
615	43
616	43
617	43
618	43
619	43
620	43
621	43
622	43
623	43
624	43
625	43
626	43
627	43
628	43
629	43
630	43
631	43
632	43
633	43
634	43
635	43
636	43
637	43
638	43
639	43
640	43
641	43
642	43
643	43
644	43
645	43
646	43
647	43
648	43
649	43
650	43
651	43
652	24
653	24
654	24
655	24
656	24
657	24
658	24
659	24
660	24
661	24
662	24
663	24
664	24
665	24
666	24
667	24
668	24
669	24
670	24
671	24
672	24
673	24
674	24
675	24
676	24
677	24
678	24
679	24
680	24
681	24
682	24
683	24
684	24
685	24
686	24
687	24
688	24
689	24
690	24
691	24
692	24
693	24
694	24
695	24
696	24
697	24
698	24
699	24
700	24
701	24
702	24
703	24
704	24
705	24
706	24
707	24
708	24
709	24
710	24
711	24
712	24
713	24
714	24
715	24
716	24
717	24
718	24
719	24
720	24
721	24
722	24
723	24
724	24
725	24
726	24
727	24
728	24
729	24
730	49
731	49
732	49
733	49
734	49
735	49
736	49
737	49
738	49
739	49
740	49
741	49
742	49
743	49
744	49
745	49
746	49
747	49
748	49
749	49
750	49
751	49
752	49
753	49
754	49
755	49
756	49
757	49
758	49
759	49
760	49
761	49
762	49
763	49
764	49
765	49
766	49
767	49
768	49
769	49
770	49
771	49
772	49
773	49
774	49
775	49
776	49
777	49
778	49
779	49
780	49
781	49
782	49
783	49
784	49
785	49
786	49
787	49
788	49
789	49
790	49
791	49
792	49
793	49
794	49
795	49
796	49
797	49
798	49
799	49
800	49
801	49
802	49
803	49
804	49
805	49
806	49
807	49
808	49
809	44
810	44
811	44
812	44
813	44
814	44
815	44
816	44
817	44
818	44
819	44
820	44
821	44
822	44
823	44
824	44
825	44
826	44
827	44
828	44
829	44
830	44
831	44
832	44
833	44
834	44
835	44
836	44
837	44
838	44
839	44
840	44
841	44
842	44
843	44
844	44
845	44
846	44
847	44
848	44
849	44
850	44
851	44
852	44
853	44
854	44
855	44
856	44
857	44
858	24
859	24
860	24
861	24
862	24
863	24
864	24
865	24
866	24
867	24
868	24
869	24
870	24
871	24
872	24
873	24
874	24
875	24
876	24
877	24
878	24
879	24
880	24
881	24
882	24
883	24
884	24
885	24
886	24
887	24
888	24
889	24
890	24
891	24
892	24
893	24
894	24
895	24
896	24
897	24
898	24
899	24
900	24
901	24
902	24
903	24
904	24
905	24
906	24
907	24
908	24
909	24
910	24
911	24
912	24
913	24
914	24
915	24
916	24
917	24
918	24
919	24
920	24
921	24
922	24
923	24
924	24
925	24
926	24
927	24
928	24
929	24
930	24
931	24
932	24
933	24
934	24
935	24
936	24
937	24
938	24
939	24
940	24
941	24
942	24
943	24
944	24
945	24
946	24
947	24
948	24
949	24
950	24
951	24
952	24
953	24
954	24
955	24
956	24
957	24
958	24
959	24
960	24
961	24
962	24
963	24
964	24
965	24
966	24
967	24
968	24
969	24
970	24
971	24
972	24
973	24
974	24
975	24
976	24
977	24
978	24
979	24
980	24
981	24
982	24
983	24
984	24
985	24
986	24
987	24
988	24
989	24
990	44
991	44
992	44
993	44
994	44
995	44
996	44
997	44
998	44
999	44
1000	44
1001	44
1002	44
1003	44
1004	44
1005	44
1006	44
1007	44
1008	44
1009	44
1010	44
1011	44
1012	44
1013	44
1014	44
1015	44
1016	44
1017	44
1018	44
1019	44
1020	44
1021	44
1022	44
1023	44
1024	44
1025	44
1026	44
1027	44
1028	44
1029	44
1030	44
1031	44
1032	44
1033	44
1034	44
1035	44
1036	44
1037	44
1038	44
1039	44
1040	31
1041	13
1042	13
1043	13
1044	13
1045	13
1046	13
1047	13
1048	13
1049	13
1050	13
1051	13
1052	13
1053	13
1054	13
1055	13
1056	13
1057	13
1058	13
1059	13
1060	13
1061	13
1062	13
1063	13
1064	13
1065	13
1066	13
1067	13
1068	13
1069	13
1070	13
1071	13
1072	13
1073	13
1074	13
1075	13
1076	13
1077	13
1078	13
1079	13
1080	13
1081	13
1082	13
1083	13
1084	13
1085	13
1086	13
1087	13
1088	13
1089	13
1090	13
1091	13
1092	13
1093	13
1094	13
1095	13
1096	13
1097	13
1098	13
1099	13
1100	13
1101	13
1102	13
1103	13
1104	13
1105	13
1106	13
1107	13
1108	13
1109	13
1110	13
1111	13
1112	13
1113	13
1114	13
1115	13
1116	13
1117	13
1118	24
1119	39
1120	39
1121	39
1122	39
1123	39
1124	39
1125	39
1126	39
1127	39
1128	39
1129	39
1130	39
1131	39
1132	39
1133	39
1134	39
1135	39
1136	39
1137	39
1138	39
1139	39
1140	39
1141	39
1142	39
1143	39
1144	39
1145	39
1146	39
1147	39
1148	2055
1149	2055
1150	2055
1151	2055
1152	2055
1153	2055
1154	2055
1155	2055
1156	2055
1157	2055
1158	2055
1159	2055
1160	2055
1161	2055
1162	2055
1163	2055
1164	2055
1165	2055
1166	2055
1167	2055
1168	2055
1169	2055
1170	2055
1171	2055
1172	2055
1173	2053
1174	2053
1175	2053
1176	2053
1177	2053
1178	2053
1179	2053
1180	2053
1181	2053
1182	2053
1183	2053
1184	2053
1185	2053
1186	2053
1187	2053
1188	2053
1189	2053
1190	2053
1191	2053
1192	2053
1193	2053
1194	2053
1195	2053
1196	2053
1197	2053
1198	2046
1199	2046
1200	2046
1201	2046
1202	2046
1203	2046
1204	2046
1205	2046
1206	2046
1207	2046
1208	2046
1209	2046
1210	2046
1211	2046
1212	2046
1213	2046
1214	2046
1215	2046
1216	2046
1217	2046
1218	2046
1219	2046
1220	2046
1221	2046
1222	2046
1223	2046
1224	2046
1225	2046
1226	2046
1227	2034
1228	2034
1229	2034
1230	2034
1231	2034
1232	2034
1233	2034
1234	2034
1235	2034
1236	2034
1237	2034
1238	2034
1239	2034
1240	2034
1241	2034
1242	2034
1243	2034
1244	2034
1245	2034
1246	2034
1247	2034
1248	2034
1249	2034
1250	2034
1251	2031
1252	2031
1253	2031
1254	2031
1255	2031
1256	2031
1257	2031
1258	2031
1259	2031
1260	2031
1261	2031
1262	2031
1263	2031
1264	2031
1265	2031
1266	2031
1267	2031
1268	2031
1269	2031
1270	2031
1271	2031
1272	2031
1273	2031
1274	2031
1275	2031
1276	2006
1277	2006
1278	2006
1279	2006
1280	2006
1281	2006
1282	2006
1283	2006
1284	2006
1285	2006
1286	2006
1287	2006
1288	2006
1289	2006
1290	2006
1291	2006
1292	2006
1293	2006
1294	2006
1295	2006
1296	2006
1297	2006
1298	2006
1299	2006
1300	2006
1301	2045
1302	2045
1303	2045
1304	2045
1305	2045
1306	2045
1307	2045
1308	2045
1309	2045
1310	2045
1311	2045
1312	2045
1313	2045
1314	2045
1315	2045
1316	2045
1317	2045
1318	2045
1319	2045
1320	2045
1321	2045
1322	2045
1323	2045
1324	2045
1325	2045
1326	2045
1327	2045
1328	2045
1329	2045
1330	2038
1331	2038
1332	2038
1333	2038
1334	2038
1335	2038
1336	2038
1337	2038
1338	2038
1339	2038
1340	2038
1341	2038
1342	2038
1343	2038
1344	2038
1345	2038
1346	2038
1347	2038
1348	2038
1349	2038
1350	2038
1351	2038
1352	2038
1353	2038
1354	2038
1355	2027
1356	2027
1357	2027
1358	2027
1359	2027
1360	2027
1361	2027
1362	2027
1363	2027
1364	2027
1365	2027
1366	2027
1367	2027
1368	2027
1369	2027
1370	2027
1371	2027
1372	2027
1373	2027
1374	2027
1375	2027
1376	2027
1377	2027
1378	2027
1379	2024
1380	2024
1381	2024
1382	2024
1383	2024
1384	2024
1385	2024
1386	2024
1387	2024
1388	2024
1389	2024
1390	2024
1391	2024
1392	2024
1393	2024
1394	2024
1395	2024
1396	2024
1397	2024
1398	2024
1399	2024
1400	2024
1401	2024
1402	2024
1403	2024
1404	2024
1405	2024
1406	2024
1407	2024
1408	2001
1409	2001
1410	2001
1411	2001
1412	2001
1413	2001
1414	2001
1415	2001
1416	2001
1417	2001
1418	2001
1419	2001
1420	2001
1421	2001
1422	2001
1423	2001
1424	2001
1425	2001
1426	2001
1427	2001
1428	2001
1429	2001
1430	2001
1431	2001
1432	2001
1433	1996
1434	1996
1435	1996
1436	1996
1437	1996
1438	1996
1439	1996
1440	1996
1441	1996
1442	1996
1443	1996
1444	1996
1445	1996
1446	1996
1447	1996
1448	1996
1449	1996
1450	1996
1451	1996
1452	1996
1453	1996
1454	1996
1455	1996
1456	1996
1457	1996
1458	1993
1459	1993
1460	1993
1461	1993
1462	1993
1463	1993
1464	1993
1465	1993
1466	1993
1467	1993
1468	1993
1469	1993
1470	1993
1471	1993
1472	1993
1473	1993
1474	1993
1475	1993
1476	1993
1477	1993
1478	1993
1479	1993
1480	1993
1481	1993
1482	1993
1483	1993
1484	1993
1485	1993
1486	1993
1487	1991
1488	1991
1489	1991
1490	1991
1491	1991
1492	1991
1493	1991
1494	1991
1495	1991
1496	1991
1497	1991
1498	1991
1499	1991
1500	1991
1501	1991
1502	1991
1503	1991
1504	1991
1505	1991
1506	1991
1507	1991
1508	1991
1509	1991
1510	1991
1511	1984
1512	1984
1513	1984
1514	1984
1515	1984
1516	1984
1517	1984
1518	1984
1519	1984
1520	1984
1521	1984
1522	1984
1523	1984
1524	1984
1525	1984
1526	1984
1527	1984
1528	1984
1529	1984
1530	1984
1531	1984
1532	1984
1533	1984
1534	1984
1535	1984
1536	2004
1537	2004
1538	2004
1539	2004
1540	2004
1541	2004
1542	2004
1543	2004
1544	2004
1545	2004
1546	2004
1547	2004
1548	2004
1549	2004
1550	2004
1551	2004
1552	2004
1553	2004
1554	2004
1555	2004
1556	2004
1557	2004
1558	2004
1559	2004
1560	2004
1561	1996
1562	1996
1563	1996
1564	1996
1565	1996
1566	1996
1567	1996
1568	1996
1569	1996
1570	1996
1571	1996
1572	1996
1573	1996
1574	1996
1575	1996
1576	1996
1577	1996
1578	1996
1579	1996
1580	1996
1581	1996
1582	1996
1583	1996
1584	1996
1585	1996
1586	1996
1587	1996
1588	1996
1589	1996
1590	1987
1591	1987
1592	1987
1593	1987
1594	1987
1595	1987
1596	1987
1597	1987
1598	1987
1599	1987
1600	1987
1601	1987
1602	1987
1603	1987
1604	1987
1605	1987
1606	1987
1607	1987
1608	1987
1609	1987
1610	1987
1611	1987
1612	1987
1613	1987
1614	1987
1615	1987
1616	1987
1617	1987
1618	1987
1619	1987
1620	1987
1621	1987
1622	1987
1623	1987
1624	1987
1625	1987
1626	1987
1627	1987
1628	1987
1629	1987
1630	1987
1631	1987
1632	1987
1633	1987
1634	1987
1635	1987
1636	1987
1637	1987
1638	1987
1639	1987
1640	1987
1641	1987
1642	1987
1643	1987
1644	1987
1645	1987
1646	1987
1647	1987
1648	1987
1649	1987
1650	1987
1651	1987
1652	1987
1653	1987
1654	1987
1655	1987
1656	1987
1657	1987
1658	1987
1659	1987
1660	1987
1661	1987
1662	1987
1663	1987
1664	1987
1665	1987
1666	1987
1667	1987
1668	1963
1669	1963
1670	1963
1671	1963
1672	1963
1673	1963
1674	1963
1675	1963
1676	1963
1677	1963
1678	1963
1679	1963
1680	1963
1681	1963
1682	1963
1683	1963
1684	1963
1685	1963
1686	1963
1687	1963
1688	1963
1689	1963
1690	1963
1691	1963
1692	1963
1693	1965
1694	1965
1695	1965
1696	1965
1697	1965
1698	1965
1699	1965
1700	1965
1701	1965
1702	1965
1703	1965
1704	1965
1705	1965
1706	1965
1707	1965
1708	1965
1709	1965
1710	1965
1711	1965
1712	1965
1713	1965
1714	1965
1715	1965
1716	1965
1717	1965
1718	66
1719	66
1720	66
1721	66
1722	66
1723	66
1724	66
1725	66
1726	66
1727	66
1728	66
1729	66
1730	66
1731	66
1732	66
1733	66
1734	66
1735	66
1736	66
1737	66
1738	66
1739	66
1740	66
1741	66
1742	66
1743	66
1744	66
1745	66
1746	66
1747	66
1748	66
1749	66
1750	66
1751	66
1752	66
1753	66
1754	66
1755	66
1756	66
1757	66
1758	66
1759	66
1760	66
1761	66
1762	66
1763	66
1764	66
1765	66
1766	66
1767	66
1768	66
1769	66
1770	66
1771	66
1772	66
1773	66
1774	66
1775	66
1776	66
1777	66
1778	66
1779	66
1780	66
1781	66
1782	66
1783	66
1784	66
1785	66
1786	66
1787	66
1788	66
1789	66
1790	66
1791	66
1792	66
1793	66
1794	66
1795	66
1796	66
1797	66
1798	66
1799	66
1800	66
1801	66
1802	66
1803	66
1804	66
1805	66
1806	66
1807	66
1808	66
1809	66
1810	66
1811	66
1812	66
1813	66
1814	66
1815	66
1816	66
1817	66
1818	66
1819	66
1820	66
1821	66
1822	66
1823	66
1824	66
1825	66
1826	66
1827	66
1828	66
1829	66
1830	66
1831	66
1832	66
1833	66
1834	66
1835	66
1836	66
1837	66
1838	66
1839	66
1840	66
1841	66
1842	66
1843	66
1844	66
1845	66
1846	66
1847	66
1848	66
1849	66
1850	66
1851	66
1852	66
1853	66
1854	66
1855	66
1856	66
1857	66
1858	66
1859	66
1860	66
1861	66
1862	66
1863	66
1864	66
1865	66
1866	66
1867	66
1868	66
1869	66
1870	66
1871	66
1872	66
1873	66
1874	66
1875	66
1876	66
1877	66
1878	66
1879	66
1880	66
1881	66
1882	66
1883	66
1884	66
1885	66
1886	66
1887	66
1888	66
1889	66
1890	66
1891	66
1892	66
1893	66
1894	66
1895	66
1896	66
1897	66
1898	66
1899	66
1900	66
1901	66
1902	66
1903	66
1904	66
1905	66
1906	66
1907	66
1908	66
1909	66
1910	66
1911	66
1912	66
1913	66
1914	66
1915	66
1916	66
1917	66
1918	66
1919	66
1920	66
1921	66
1922	66
1923	66
1924	66
1925	66
1926	66
1927	66
1928	66
1929	66
1930	66
1931	66
1932	66
1933	66
1934	66
1935	66
1936	66
1937	66
1938	66
1939	66
1940	66
1941	66
1942	66
1943	66
1944	66
1945	66
1946	66
1947	66
1948	66
1949	66
1950	66
1951	66
1952	66
1953	66
1954	66
1955	66
1956	66
1957	66
1958	66
1959	66
1960	66
1961	66
1962	66
1963	66
1964	66
1965	66
1966	66
1967	66
1968	66
1969	66
1970	66
1971	66
1972	66
1973	66
1974	66
1975	66
1976	66
1977	66
1978	66
1979	66
1980	66
1981	66
1982	66
1983	66
1984	66
1985	66
1986	66
1987	66
1988	66
1989	66
1990	66
1991	66
1992	66
1993	66
1994	66
1995	66
1996	66
1997	66
1998	66
1999	66
2000	66
2001	66
2002	66
2003	66
2004	66
2005	66
2006	66
2007	66
2008	66
2009	66
2010	66
2011	66
2012	66
2013	66
2014	66
2015	66
2016	66
2017	66
2018	66
2019	66
2020	66
2021	66
2022	66
2023	66
2024	66
2025	66
2026	66
2027	66
2028	66
2029	66
2030	66
2031	56
2032	51
2033	51
2034	51
2035	51
2036	51
2037	51
2038	51
2039	51
2040	51
2041	51
2042	51
2043	51
2044	51
2045	51
2046	51
2047	51
2048	51
2049	51
2050	51
2051	51
2052	51
2053	51
2054	51
2055	51
2056	51
2057	51
2058	51
2059	51
2060	51
2061	51
2062	51
2063	51
2064	51
2065	51
2066	51
2067	51
2068	51
2069	51
2070	51
2071	51
2072	51
2073	51
2074	51
2075	51
2076	51
2077	51
2078	51
2079	51
2080	51
2081	51
2082	51
2083	51
2084	51
2085	51
2086	51
2087	51
2088	51
2089	51
2090	51
2091	51
2092	51
2093	51
2094	51
2095	51
2096	51
2097	51
2098	51
2099	51
2100	51
2101	51
2102	51
2103	51
2104	51
2105	51
2106	51
2107	51
2108	51
2109	51
2110	51
2111	51
2112	51
2113	51
2114	51
2115	51
2116	51
2117	51
2118	51
2119	51
2120	51
2121	51
2122	51
2123	51
2124	51
2125	51
2126	51
2127	51
2128	51
2129	51
2130	51
2131	51
2132	51
2133	51
2134	51
2135	51
2136	51
2137	51
2138	51
2139	51
2140	51
2141	51
2142	51
2143	51
2144	51
2145	51
2146	51
2147	51
2148	51
2149	51
2150	51
2151	51
2152	51
2153	51
2154	51
2155	51
2156	51
2157	51
2158	51
2159	51
2160	51
2161	51
2162	51
2163	51
2164	51
2165	51
2166	51
2167	51
2168	51
2169	51
2170	51
2171	51
2172	51
2173	51
2174	51
2175	51
2176	51
2177	51
2178	51
2179	51
2180	51
2181	51
2182	51
2183	51
2184	51
2185	51
2186	51
2187	51
2188	51
2189	51
2190	51
2191	51
2192	51
2193	51
2194	51
2195	51
2196	51
2197	51
2198	51
2199	51
2200	51
2201	51
2202	51
2203	51
2204	51
2205	51
2206	51
2207	51
2208	51
2209	51
2210	51
2211	51
2212	51
2213	51
2214	51
2215	51
2216	51
2217	51
2218	51
2219	51
2220	51
2221	51
2222	51
2223	51
2224	51
2225	51
2226	51
2227	51
2228	51
2229	51
2230	51
2231	51
2232	51
2233	51
2234	51
2235	51
2236	51
2237	51
2238	51
2239	51
2240	51
2241	51
2242	51
2243	51
2244	51
2245	51
2246	51
2247	51
2248	51
2249	51
2250	51
2251	51
2252	51
2253	51
2254	51
2255	51
2256	51
2257	51
2258	51
2259	51
2260	51
2261	51
2262	51
2263	51
2264	51
2265	51
2266	51
2267	51
2268	51
2269	51
2270	51
2271	51
2272	51
2273	51
2274	51
2275	51
2276	51
2277	51
2278	51
2279	51
2280	51
2281	51
2282	51
2283	51
2284	51
2285	51
2286	51
2287	51
2288	51
2289	51
2290	51
2291	51
2292	51
2293	51
2294	51
2295	51
2296	51
2297	51
2298	51
2299	51
2300	51
2301	51
2302	51
2303	51
2304	51
2305	51
2306	51
2307	51
2308	51
2309	51
2310	51
2311	51
2312	51
2313	51
2314	51
2315	51
2316	51
2317	51
2318	51
2319	51
2320	51
2321	51
2322	51
2323	51
2324	51
2325	51
2326	51
2327	51
2328	51
2329	51
2330	51
2331	51
2332	51
2333	51
2334	51
2335	51
2336	51
2337	51
2338	51
2339	51
2340	33
2341	66
2342	66
2343	66
2344	66
2345	66
2346	66
2347	66
2348	66
2349	66
2350	66
2351	66
2352	66
2353	66
2354	66
2355	66
2356	66
2357	66
2358	66
2359	66
2360	66
2361	66
2362	66
2363	66
2364	66
2365	66
2366	66
2367	66
2368	66
2369	66
2370	66
2371	66
2372	66
2373	66
2374	66
2375	66
2376	66
2377	66
2378	66
2379	66
2380	66
2381	66
2382	66
2383	66
2384	66
2385	66
2386	66
2387	66
2388	66
2389	66
2390	66
2391	66
2392	66
2393	66
2394	66
2395	66
2396	66
2397	66
2398	66
2399	66
2400	66
2401	66
2402	66
2403	66
2404	66
2405	66
2406	66
2407	66
2408	66
2409	66
2410	66
2411	66
2412	66
2413	66
2414	66
2415	66
2416	66
2417	66
2418	66
2419	66
2420	66
2421	66
2422	66
2423	66
2424	66
2425	66
2426	66
2427	66
2428	66
2429	66
2430	66
2431	66
2432	66
2433	66
2434	66
2435	66
2436	66
2437	66
2438	66
2439	66
2440	66
2441	66
2442	66
2443	66
2444	66
2445	66
2446	66
2447	66
2448	66
2449	66
2450	66
2451	66
2452	66
2453	66
2454	66
2455	66
2456	66
2457	66
2458	66
2459	66
2460	66
2461	66
2462	66
2463	66
2464	66
2465	66
2466	66
2467	66
2468	66
2469	66
2470	66
2471	66
2472	66
2473	66
2474	66
2475	66
2476	66
2477	66
2478	66
2479	66
2480	66
2481	66
2482	66
2483	66
2484	66
2485	66
2486	66
2487	66
2488	66
2489	66
2490	66
2491	66
2492	66
2493	66
2494	66
2495	66
2496	66
2497	66
2498	66
2499	66
2500	66
2501	66
2502	66
2503	66
2504	66
2505	66
2506	66
2507	66
2508	66
2509	66
2510	66
2511	66
2512	66
2513	66
2514	66
2515	66
2516	66
2517	66
2518	66
2519	66
2520	66
2521	66
2522	66
2523	66
2524	66
2525	66
2526	66
2527	66
2528	66
2529	66
2530	66
2531	66
2532	66
2533	66
2534	66
2535	66
2536	66
2537	66
2538	66
2539	66
2540	66
2541	66
2542	66
2543	66
2544	66
2545	66
2546	66
2547	66
2548	66
2549	66
2550	66
2551	66
2552	66
2553	66
2554	66
2555	66
2556	66
2557	66
2558	66
2559	66
2560	66
2561	66
2562	66
2563	66
2564	66
2565	66
2566	66
2567	66
2568	66
2569	66
2570	66
2571	66
2572	66
2573	66
2574	66
2575	66
2576	66
2577	66
2578	66
2579	66
2580	66
2581	66
2582	66
2583	66
2584	66
2585	66
2586	66
2587	66
2588	66
2589	66
2590	66
2591	66
2592	66
2593	66
2594	66
2595	66
2596	66
2597	66
2598	66
2599	66
2600	66
2601	66
2602	66
2603	66
2604	66
2605	66
2606	66
2607	66
2608	66
2609	66
2610	66
2611	66
2612	66
2613	66
2614	66
2615	66
2616	66
2617	66
2618	66
2619	66
2620	66
2621	66
2622	66
2623	66
2624	66
2625	66
2626	66
2627	66
2628	66
2629	66
2630	66
2631	66
2632	66
2633	66
2634	66
2635	66
2636	66
2637	66
2638	66
2639	66
2640	66
2641	66
2642	66
2643	66
2644	66
2645	66
2646	66
2647	66
2648	66
2649	66
2650	66
2651	66
2652	66
2653	66
2654	1939
2655	1971
2656	1971
2657	1971
2658	1971
2659	1971
2660	1971
2661	1971
2662	1971
2663	1971
2664	1971
2665	1971
2666	1971
2667	1971
2668	1971
2669	1971
2670	1971
2671	1971
2672	1971
2673	1971
2674	1971
2675	1971
2676	1971
2677	1971
2678	1971
2679	1971
2680	1968
2681	1968
2682	1968
2683	1968
2684	1968
2685	1968
2686	1968
2687	1968
2688	1968
2689	1968
2690	1968
2691	1968
2692	1968
2693	1968
2694	1968
2695	1968
2696	1968
2697	1968
2698	1968
2699	1968
2700	1968
2701	1968
2702	1968
2703	1968
2704	1968
2705	1968
2706	1968
2707	1968
2708	1968
2709	1963
2710	1963
2711	1963
2712	1963
2713	1963
2714	1963
2715	1963
2716	1963
2717	1963
2718	1963
2719	1963
2720	1963
2721	1963
2722	1963
2723	1963
2724	1963
2725	1963
2726	1963
2727	1963
2728	1963
2729	1963
2730	1963
2731	1963
2732	1963
2733	1963
2734	1963
2735	1963
2736	1963
2737	1963
2738	1963
2739	1963
2740	1963
2741	1963
2742	1963
2743	1963
2744	1963
2745	1963
2746	1963
2747	1963
2748	1963
2749	1963
2750	1963
2751	1963
2752	1963
2753	1963
2754	1963
2755	1963
2756	1963
2757	1963
2758	1973
2759	1973
2760	1973
2761	1973
2762	1973
2763	1973
2764	1973
2765	1973
2766	1973
2767	1973
2768	1973
2769	1973
2770	1973
2771	1973
2772	1973
2773	1973
2774	1973
2775	1973
2776	1973
2777	1973
2778	1973
2779	1973
2780	1973
2781	1973
2782	1973
2783	1973
2784	1973
2785	1973
2786	1973
2787	1967
2788	1967
2789	1967
2790	1967
2791	1967
2792	1967
2793	1967
2794	1967
2795	1967
2796	1967
2797	1967
2798	1967
2799	1967
2800	1967
2801	1967
2802	1967
2803	1967
2804	1967
2805	1967
2806	1967
2807	1967
2808	1967
2809	1967
2810	1967
2811	1967
2812	1960
2813	1960
2814	1960
2815	1960
2816	1960
2817	1960
2818	1960
2819	1960
2820	1960
2821	1960
2822	1960
2823	1960
2824	1960
2825	1960
2826	1960
2827	1960
2828	1960
2829	1960
2830	1960
2831	1960
2832	1960
2833	1960
2834	1960
2835	1960
2836	1960
2837	1958
2838	1958
2839	1958
2840	1958
2841	1958
2842	1958
2843	1958
2844	1958
2845	1958
2846	1958
2847	1958
2848	1958
2849	1958
2850	1958
2851	1958
2852	1958
2853	1958
2854	1958
2855	1958
2856	1958
2857	1958
2858	1958
2859	1958
2860	1958
2861	1958
2862	1906
2863	1906
2864	1906
2865	1906
2866	1906
2867	1906
2868	1906
2869	1906
2870	1906
2871	1906
2872	1906
2873	1906
2874	1906
2875	1906
2876	1906
2877	1906
2878	1906
2879	1906
2880	1906
2881	1906
2882	1906
2883	1906
2884	1906
2885	1906
2886	1906
2887	1906
2888	1906
2889	1906
2890	1906
2891	1906
2892	1906
2893	1906
2894	1906
2895	1906
2896	1906
2897	1906
2898	1906
2899	1906
2900	1906
2901	1906
2902	1906
2903	1906
2904	1906
2905	1906
2906	1906
2907	1906
2908	1906
2909	1906
2910	1906
2911	1906
2912	1906
2913	1906
2914	1906
2915	1936
2916	1936
2917	1936
2918	1936
2919	1936
2920	1936
2921	1936
2922	1936
2923	1936
2924	1936
2925	1936
2926	1936
2927	1936
2928	1936
2929	1936
2930	1936
2931	1936
2932	1936
2933	1936
2934	1936
2935	1936
2936	1936
2937	1936
2938	1936
2939	1936
2940	1934
2941	1934
2942	1934
2943	1934
2944	1934
2945	1934
2946	1934
2947	1934
2948	1934
2949	1934
2950	1934
2951	1934
2952	1934
2953	1934
2954	1934
2955	1934
2956	1934
2957	1934
2958	1934
2959	1934
2960	1934
2961	1934
2962	1934
2963	1934
2964	1934
2965	1934
2966	1934
2967	1934
2968	1934
2969	1931
2970	1931
2971	1931
2972	1931
2973	1931
2974	1931
2975	1931
2976	1931
2977	1931
2978	1931
2979	1931
2980	1931
2981	1931
2982	1931
2983	1931
2984	1931
2985	1931
2986	1931
2987	1931
2988	1931
2989	1931
2990	1931
2991	1931
2992	1931
2993	1931
2994	1947
2995	1947
2996	1947
2997	1947
2998	1947
2999	1947
3000	1947
3001	1947
3002	1947
3003	1947
3004	1947
3005	1947
3006	1947
3007	1947
3008	1947
3009	1947
3010	1947
3011	1947
3012	1947
3013	1947
3014	1947
3015	1947
3016	1947
3017	1947
3018	1947
3019	1947
3020	1947
3021	1947
3022	1947
3023	1947
3024	1947
3025	1947
3026	1947
3027	1947
3028	1947
3029	1947
3030	1947
3031	1947
3032	1947
3033	1947
3034	1947
3035	1947
3036	1947
3037	1947
3038	1947
3039	1947
3040	1947
3041	1947
3042	1947
3043	1947
3044	1947
3045	1947
3046	1947
3047	1944
3048	1944
3049	1944
3050	1944
3051	1944
3052	1944
3053	1944
3054	1944
3055	1944
3056	1944
3057	1944
3058	1944
3059	1944
3060	1944
3061	1944
3062	1944
3063	1944
3064	1944
3065	1944
3066	1944
3067	1944
3068	1944
3069	1944
3070	1944
3071	1944
3072	1944
3073	1944
3074	1944
3075	1944
3076	1944
3077	1944
3078	1944
3079	1944
3080	1944
3081	1944
3082	1944
3083	1944
3084	1944
3085	1944
3086	1944
3087	1944
3088	1944
3089	1944
3090	1944
3091	1944
3092	1944
3093	1944
3094	1944
3095	1944
3096	1944
3097	1939
3098	1939
3099	1939
3100	1939
3101	1939
3102	1939
3103	1939
3104	1939
3105	1939
3106	1939
3107	1939
3108	1939
3109	1939
3110	1939
3111	1939
3112	1939
3113	1939
3114	1939
3115	1939
3116	1939
3117	1939
3118	1939
3119	1939
3120	1939
3121	1939
3122	1906
3123	1906
3124	1906
3125	1906
3126	1906
3127	1906
3128	1906
3129	1906
3130	1906
3131	1906
3132	1906
3133	1906
3134	1906
3135	1906
3136	1906
3137	1906
3138	1906
3139	1906
3140	1906
3141	1906
3142	1906
3143	1906
3144	1906
3145	1906
3146	1906
3147	1906
3148	1906
3149	1906
3150	1906
3151	1884
3152	1884
3153	1884
3154	1884
3155	1884
3156	1884
3157	1884
3158	1884
3159	1884
3160	1884
3161	1884
3162	1884
3163	1884
3164	1884
3165	1884
3166	1884
3167	1884
3168	1884
3169	1884
3170	1884
3171	1884
3172	1884
3173	1884
3174	1884
3175	1915
3176	1915
3177	1915
3178	1915
3179	1915
3180	1915
3181	1915
3182	1915
3183	1915
3184	1915
3185	1915
3186	1915
3187	1915
3188	1915
3189	1915
3190	1915
3191	1915
3192	1915
3193	1915
3194	1915
3195	1915
3196	1915
3197	1915
3198	1915
3199	1915
3200	52
3201	52
3202	52
3203	52
3204	52
3205	52
3206	52
3207	52
3208	52
3209	52
3210	52
3211	52
3212	52
3213	52
3214	52
3215	52
3216	52
3217	52
3218	52
3219	52
3220	52
3221	52
3222	52
3223	52
3224	52
3225	52
3226	52
3227	52
3228	52
3229	52
3230	52
3231	52
3232	52
3233	52
3234	52
3235	52
3236	52
3237	52
3238	52
3239	52
3240	52
3241	52
3242	52
3243	52
3244	52
3245	52
3246	52
3247	52
3248	52
3249	52
3250	52
3251	52
3252	52
3253	52
3254	52
3255	52
3256	52
3257	52
3258	52
3259	52
3260	52
3261	52
3262	52
3263	52
3264	52
3265	52
3266	52
3267	52
3268	52
3269	52
3270	52
3271	52
3272	52
3273	52
3274	52
3275	52
3276	52
3277	52
3278	52
3279	52
3280	52
3281	52
3282	52
3283	52
3284	52
3285	52
3286	52
3287	52
3288	52
3289	52
3290	52
3291	52
3292	52
3293	52
3294	52
3295	52
3296	52
3297	52
3298	52
3299	52
3300	52
3301	52
3302	52
3303	52
3304	52
3305	52
3306	67
3307	67
3308	67
3309	67
3310	67
3311	67
3312	67
3313	67
3314	67
3315	67
3316	67
3317	67
3318	67
3319	67
3320	67
3321	67
3322	67
3323	67
3324	67
3325	67
3326	67
3327	67
3328	67
3329	67
3330	67
3331	67
3332	67
3333	67
3334	67
3335	67
3336	67
3337	67
3338	67
3339	67
3340	67
3341	67
3342	67
3343	67
3344	67
3345	67
3346	67
3347	67
3348	67
3349	67
3350	67
3351	67
3352	67
3353	67
3354	67
3355	67
3356	67
3357	67
3358	67
3359	67
3360	67
3361	67
3362	67
3363	67
3364	67
3365	67
3366	67
3367	67
3368	67
3369	67
3370	67
3371	67
3372	67
3373	67
3374	67
3375	67
3376	67
3377	67
3378	67
3379	67
3380	67
3381	67
3382	67
3383	67
3384	67
3385	67
3386	67
3387	67
3388	67
3389	67
3390	67
3391	67
3392	67
3393	67
3394	67
3395	67
3396	67
3397	67
3398	67
3399	67
3400	67
3401	67
3402	67
3403	67
3404	67
3405	67
3406	67
3407	67
3408	67
3409	67
3410	37
3411	45
3412	45
3413	45
3414	45
3415	45
3416	45
3417	45
3418	45
3419	45
3420	45
3421	45
3422	45
3423	45
3424	45
3425	45
3426	45
3427	45
3428	45
3429	45
3430	45
3431	45
3432	45
3433	45
3434	45
3435	52
3436	52
3437	52
3438	52
3439	52
3440	52
3441	52
3442	52
3443	52
3444	52
3445	52
3446	52
3447	52
3448	52
3449	52
3450	52
3451	52
3452	52
3453	52
3454	52
3455	52
3456	52
3457	52
3458	52
3459	52
3460	52
3461	52
3462	52
3463	52
3464	52
3465	52
3466	52
3467	52
3468	52
3469	52
3470	52
3471	52
3472	52
3473	52
3474	52
3475	52
3476	52
3477	52
3478	52
3479	52
3480	52
3481	52
3482	52
3483	52
3484	52
3485	52
3486	52
3487	52
3488	52
3489	52
3490	52
3491	52
3492	52
3493	52
3494	52
3495	52
3496	52
3497	52
3498	52
3499	52
3500	52
3501	52
3502	52
3503	52
3504	52
3505	52
3506	52
3507	52
3508	52
3509	52
3510	52
3511	52
3512	52
3513	52
3514	52
3515	52
3516	52
3517	52
3518	52
3519	52
3520	52
3521	52
3522	52
3523	52
3524	52
3525	52
3526	52
3527	52
3528	52
3529	52
3530	52
3531	52
3532	52
3533	52
3534	52
3535	52
3536	52
3537	52
3538	52
3539	52
3540	52
3541	52
3542	52
3543	52
3544	52
3545	52
3546	52
3547	52
3548	52
3549	52
3550	52
3551	52
3552	52
3553	52
3554	52
3555	52
3556	52
3557	52
3558	52
3559	52
3560	52
3561	52
3562	52
3563	52
3564	52
3565	52
3566	52
3567	67
3568	67
3569	67
3570	67
3571	67
3572	67
3573	67
3574	67
3575	67
3576	67
3577	67
3578	67
3579	67
3580	67
3581	67
3582	67
3583	67
3584	67
3585	67
3586	67
3587	67
3588	67
3589	67
3590	67
3591	67
3592	67
3593	67
3594	67
3595	67
3596	67
3597	67
3598	67
3599	67
3600	67
3601	67
3602	67
3603	67
3604	67
3605	67
3606	67
3607	67
3608	67
3609	67
3610	67
3611	67
3612	67
3613	67
3614	67
3615	67
3616	67
3617	67
3618	67
3619	67
3620	67
3621	67
3622	67
3623	67
3624	67
3625	67
3626	67
3627	67
3628	67
3629	67
3630	67
3631	67
3632	67
3633	67
3634	67
3635	67
3636	67
3637	67
3638	67
3639	67
3640	67
3641	67
3642	67
3643	67
3644	67
3645	67
3646	67
3647	67
3648	67
3649	67
3650	67
3651	67
3652	67
3653	67
3654	67
3655	67
3656	67
3657	67
3658	67
3659	67
3660	67
3661	67
3662	67
3663	67
3664	67
3665	67
3666	67
3667	67
3668	67
3669	67
3670	38
3671	30
3672	30
3673	30
3674	30
3675	30
3676	30
3677	30
3678	30
3679	30
3680	30
3681	30
3682	30
3683	30
3684	30
3685	30
3686	30
3687	30
3688	30
3689	30
3690	30
3691	30
3692	30
3693	30
3694	30
3695	30
3696	51
3697	51
3698	51
3699	51
3700	51
3701	51
3702	51
3703	51
3704	51
3705	51
3706	51
3707	51
3708	51
3709	51
3710	51
3711	51
3712	51
3713	51
3714	51
3715	51
3716	51
3717	51
3718	51
3719	51
3720	51
3721	51
3722	51
3723	51
3724	51
3725	51
3726	51
3727	51
3728	51
3729	51
3730	51
3731	51
3732	51
3733	51
3734	51
3735	51
3736	51
3737	51
3738	51
3739	51
3740	51
3741	51
3742	51
3743	51
3744	51
3745	51
3746	51
3747	51
3748	51
3749	51
3750	51
3751	51
3752	51
3753	51
3754	51
3755	51
3756	51
3757	51
3758	51
3759	51
3760	51
3761	51
3762	51
3763	51
3764	51
3765	51
3766	51
3767	51
3768	51
3769	51
3770	51
3771	51
3772	51
3773	51
3774	51
3775	51
3776	51
3777	51
3778	51
3779	51
3780	51
3781	51
3782	51
3783	51
3784	51
3785	51
3786	51
3787	51
3788	51
3789	51
3790	51
3791	51
3792	51
3793	51
3794	51
3795	51
3796	51
3797	51
3798	34
3799	67
3800	67
3801	67
3802	67
3803	67
3804	67
3805	67
3806	67
3807	67
3808	67
3809	67
3810	67
3811	67
3812	67
3813	67
3814	67
3815	67
3816	67
3817	67
3818	67
3819	67
3820	67
3821	67
3822	67
3823	67
3824	67
3825	67
3826	67
3827	67
3828	67
3829	67
3830	67
3831	67
3832	67
3833	67
3834	67
3835	67
3836	67
3837	67
3838	67
3839	67
3840	67
3841	67
3842	67
3843	67
3844	67
3845	67
3846	67
3847	67
3848	67
3849	67
3850	67
3851	67
3852	67
3853	67
3854	67
3855	67
3856	67
3857	67
3858	67
3859	67
3860	67
3861	67
3862	67
3863	67
3864	67
3865	67
3866	67
3867	67
3868	67
3869	67
3870	67
3871	67
3872	67
3873	67
3874	67
3875	67
3876	67
3877	67
3878	67
3879	67
3880	67
3881	67
3882	67
3883	67
3884	67
3885	67
3886	67
3887	67
3888	67
3889	67
3890	67
3891	67
3892	67
3893	67
3894	67
3895	67
3896	67
3897	67
3898	67
3899	67
3900	67
3901	67
3902	67
3903	67
3904	67
3905	67
3906	67
3907	67
3908	67
3909	67
3910	67
3911	67
3912	67
3913	67
3914	67
3915	67
3916	67
3917	67
3918	67
3919	67
3920	67
3921	67
3922	67
3923	67
3924	67
3925	67
3926	67
3927	67
3928	67
3929	67
3930	27
3931	36
3932	36
3933	36
3934	36
3935	36
3936	36
3937	36
3938	36
3939	36
3940	36
3941	36
3942	36
3943	36
3944	36
3945	36
3946	36
3947	36
3948	36
3949	36
3950	36
3951	36
3952	36
3953	36
3954	36
3955	36
3956	51
3957	51
3958	51
3959	51
3960	51
3961	51
3962	51
3963	51
3964	51
3965	51
3966	51
3967	51
3968	51
3969	51
3970	51
3971	51
3972	51
3973	51
3974	51
3975	51
3976	51
3977	51
3978	51
3979	51
3980	51
3981	51
3982	51
3983	51
3984	51
3985	51
3986	51
3987	51
3988	51
3989	51
3990	51
3991	51
3992	51
3993	51
3994	51
3995	51
3996	51
3997	51
3998	51
3999	51
4000	51
4001	51
4002	51
4003	51
4004	51
4005	51
4006	51
4007	51
4008	51
4009	51
4010	51
4011	51
4012	51
4013	51
4014	51
4015	51
4016	51
4017	51
4018	51
4019	51
4020	51
4021	51
4022	51
4023	51
4024	51
4025	51
4026	51
4027	51
4028	51
4029	51
4030	51
4031	51
4032	51
4033	51
4034	51
4035	51
4036	51
4037	51
4038	51
4039	51
4040	51
4041	51
4042	51
4043	51
4044	51
4045	51
4046	51
4047	51
4048	51
4049	51
4050	51
4051	51
4052	51
4053	51
4054	51
4055	51
4056	51
4057	51
4058	35
4059	67
4060	67
4061	67
4062	67
4063	67
4064	67
4065	67
4066	67
4067	67
4068	67
4069	67
4070	67
4071	67
4072	67
4073	67
4074	67
4075	67
4076	67
4077	67
4078	67
4079	67
4080	67
4081	67
4082	67
4083	67
4084	67
4085	67
4086	67
4087	67
4088	67
4089	67
4090	67
4091	67
4092	67
4093	67
4094	67
4095	67
4096	67
4097	67
4098	67
4099	67
4100	67
4101	67
4102	67
4103	67
4104	67
4105	67
4106	67
4107	67
4108	67
4109	67
4110	67
4111	67
4112	67
4113	67
4114	67
4115	67
4116	67
4117	67
4118	67
4119	67
4120	67
4121	67
4122	67
4123	67
4124	67
4125	67
4126	67
4127	67
4128	67
4129	67
4130	67
4131	67
4132	67
4133	67
4134	67
4135	67
4136	67
4137	67
4138	67
4139	67
4140	67
4141	67
4142	67
4143	67
4144	67
4145	67
4146	67
4147	67
4148	67
4149	67
4150	67
4151	67
4152	67
4153	67
4154	67
4155	67
4156	67
4157	67
4158	67
4159	67
4160	67
4161	67
4162	67
4163	67
4164	67
4165	67
4166	67
4167	67
4168	67
4169	67
4170	67
4171	67
4172	67
4173	67
4174	67
4175	67
4176	67
4177	67
4178	67
4179	67
4180	67
4181	67
4182	67
4183	67
4184	67
4185	67
4186	67
4187	67
4188	67
4189	67
4190	27
4191	52
4192	52
4193	52
4194	52
4195	52
4196	52
4197	52
4198	52
4199	52
4200	52
4201	52
4202	52
4203	52
4204	52
4205	52
4206	52
4207	52
4208	52
4209	52
4210	52
4211	52
4212	52
4213	52
4214	52
4215	52
4216	52
4217	52
4218	52
4219	52
4220	52
4221	52
4222	52
4223	52
4224	52
4225	52
4226	52
4227	52
4228	52
4229	52
4230	52
4231	52
4232	52
4233	52
4234	52
4235	52
4236	52
4237	52
4238	52
4239	52
4240	52
4241	52
4242	52
4243	52
4244	52
4245	52
4246	52
4247	52
4248	52
4249	52
4250	52
4251	52
4252	52
4253	52
4254	52
4255	52
4256	52
4257	52
4258	52
4259	52
4260	52
4261	52
4262	52
4263	52
4264	52
4265	52
4266	52
4267	52
4268	52
4269	52
4270	52
4271	52
4272	52
4273	52
4274	52
4275	52
4276	52
4277	52
4278	52
4279	52
4280	52
4281	52
4282	52
4283	52
4284	52
4285	52
4286	52
4287	52
4288	52
4289	52
4290	52
4291	52
4292	52
4293	52
4294	52
4295	52
4296	52
4297	52
4298	52
4299	52
4300	52
4301	52
4302	52
4303	52
4304	52
4305	52
4306	52
4307	52
4308	52
4309	52
4310	52
4311	52
4312	52
4313	52
4314	52
4315	52
4316	52
4317	52
4318	67
4319	73
4320	73
4321	73
4322	73
4323	73
4324	73
4325	73
4326	73
4327	73
4328	73
4329	73
4330	73
4331	73
4332	73
4333	73
4334	73
4335	73
4336	73
4337	73
4338	73
4339	73
4340	73
4341	73
4342	73
4343	73
4344	73
4345	73
4346	73
4347	73
4348	73
4349	73
4350	73
4351	73
4352	73
4353	73
4354	73
4355	73
4356	73
4357	73
4358	73
4359	73
4360	73
4361	73
4362	73
4363	73
4364	73
4365	73
4366	73
4367	73
4368	73
4369	73
4370	73
4371	73
4372	73
4373	73
4374	73
4375	73
4376	73
4377	73
4378	73
4379	73
4380	73
4381	73
4382	73
4383	73
4384	73
4385	73
4386	73
4387	73
4388	73
4389	73
4390	73
4391	73
4392	73
4393	73
4394	73
4395	73
4396	73
4397	73
4398	73
4399	73
4400	73
4401	73
4402	73
4403	73
4404	73
4405	73
4406	73
4407	73
4408	73
4409	73
4410	73
4411	73
4412	73
4413	73
4414	73
4415	73
4416	73
4417	73
4418	73
4419	73
4420	73
4421	73
4422	73
4423	73
4424	73
4425	73
4426	73
4427	73
4428	73
4429	73
4430	73
4431	73
4432	73
4433	73
4434	73
4435	73
4436	73
4437	73
4438	73
4439	73
4440	73
4441	73
4442	73
4443	73
4444	73
4445	73
4446	73
4447	73
4448	73
4449	73
4450	32
4451	52
4452	52
4453	52
4454	52
4455	52
4456	52
4457	52
4458	52
4459	52
4460	52
4461	52
4462	52
4463	52
4464	52
4465	52
4466	52
4467	52
4468	52
4469	52
4470	52
4471	52
4472	52
4473	52
4474	52
4475	52
4476	52
4477	52
4478	52
4479	52
4480	52
4481	52
4482	52
4483	52
4484	52
4485	52
4486	52
4487	52
4488	52
4489	52
4490	52
4491	52
4492	52
4493	52
4494	52
4495	52
4496	52
4497	52
4498	52
4499	52
4500	52
4501	52
4502	52
4503	52
4504	52
4505	52
4506	52
4507	52
4508	52
4509	52
4510	52
4511	52
4512	52
4513	52
4514	52
4515	52
4516	52
4517	52
4518	52
4519	52
4520	52
4521	52
4522	52
4523	52
4524	52
4525	52
4526	52
4527	52
4528	52
4529	52
4530	52
4531	52
4532	52
4533	52
4534	52
4535	52
4536	52
4537	52
4538	52
4539	52
4540	52
4541	52
4542	52
4543	52
4544	52
4545	52
4546	52
4547	52
4548	52
4549	52
4550	52
4551	52
4552	52
4553	52
4554	52
4555	52
4556	52
4557	52
4558	52
4559	52
4560	52
4561	52
4562	52
4563	52
4564	52
4565	52
4566	52
4567	52
4568	52
4569	52
4570	52
4571	52
4572	52
4573	52
4574	52
4575	52
4576	52
4577	52
4578	67
4579	67
4580	67
4581	67
4582	67
4583	67
4584	67
4585	67
4586	67
4587	67
4588	67
4589	67
4590	67
4591	67
4592	67
4593	67
4594	67
4595	67
4596	67
4597	67
4598	67
4599	67
4600	67
4601	67
4602	67
4603	67
4604	67
4605	67
4606	67
4607	67
4608	67
4609	67
4610	67
4611	67
4612	67
4613	67
4614	67
4615	67
4616	67
4617	67
4618	67
4619	67
4620	67
4621	67
4622	67
4623	67
4624	67
4625	67
4626	67
4627	67
4628	67
4629	67
4630	67
4631	67
4632	67
4633	67
4634	67
4635	67
4636	67
4637	67
4638	67
4639	67
4640	67
4641	67
4642	67
4643	67
4644	67
4645	67
4646	67
4647	67
4648	67
4649	67
4650	67
4651	67
4652	67
4653	67
4654	67
4655	67
4656	67
4657	67
4658	67
4659	67
4660	67
4661	67
4662	67
4663	67
4664	67
4665	67
4666	67
4667	67
4668	67
4669	67
4670	67
4671	67
4672	67
4673	67
4674	67
4675	67
4676	67
4677	67
4678	67
4679	67
4680	67
4681	67
4682	67
4683	67
4684	67
4685	67
4686	67
4687	67
4688	67
4689	67
4690	67
4691	67
4692	67
4693	67
4694	67
4695	67
4696	67
4697	67
4698	67
4699	67
4700	67
4701	67
4702	67
4703	67
4704	67
4705	67
4706	67
4707	67
4708	67
4709	67
4710	36
4711	52
4712	52
4713	52
4714	52
4715	52
4716	52
4717	52
4718	52
4719	52
4720	52
4721	52
4722	52
4723	52
4724	52
4725	52
4726	52
4727	52
4728	52
4729	52
4730	52
4731	52
4732	52
4733	52
4734	52
4735	52
4736	52
4737	52
4738	52
4739	52
4740	52
4741	52
4742	52
4743	52
4744	52
4745	52
4746	52
4747	52
4748	52
4749	52
4750	52
4751	52
4752	52
4753	52
4754	52
4755	52
4756	52
4757	52
4758	52
4759	52
4760	52
4761	52
4762	52
4763	52
4764	52
4765	52
4766	52
4767	52
4768	52
4769	52
4770	52
4771	52
4772	52
4773	52
4774	52
4775	52
4776	52
4777	52
4778	52
4779	52
4780	52
4781	52
4782	52
4783	52
4784	52
4785	52
4786	52
4787	52
4788	52
4789	52
4790	52
4791	52
4792	52
4793	52
4794	52
4795	52
4796	52
4797	52
4798	52
4799	52
4800	52
4801	52
4802	52
4803	52
4804	52
4805	52
4806	52
4807	52
4808	52
4809	52
4810	52
4811	52
4812	52
4813	36
4814	67
4815	67
4816	67
4817	67
4818	67
4819	67
4820	67
4821	67
4822	67
4823	67
4824	67
4825	67
4826	67
4827	67
4828	67
4829	67
4830	67
4831	67
4832	67
4833	67
4834	67
4835	67
4836	67
4837	67
4838	67
4839	67
4840	67
4841	67
4842	67
4843	67
4844	67
4845	67
4846	67
4847	67
4848	67
4849	67
4850	67
4851	67
4852	67
4853	67
4854	67
4855	67
4856	67
4857	67
4858	67
4859	67
4860	67
4861	67
4862	67
4863	67
4864	67
4865	67
4866	67
4867	67
4868	67
4869	67
4870	67
4871	67
4872	67
4873	67
4874	67
4875	67
4876	67
4877	67
4878	67
4879	67
4880	67
4881	67
4882	67
4883	67
4884	67
4885	67
4886	67
4887	67
4888	67
4889	67
4890	67
4891	67
4892	67
4893	67
4894	67
4895	67
4896	67
4897	67
4898	67
4899	67
4900	67
4901	67
4902	67
4903	67
4904	67
4905	67
4906	67
4907	67
4908	67
4909	67
4910	67
4911	67
4912	67
4913	67
4914	67
4915	67
4916	67
4917	67
4918	67
4919	67
4920	67
4921	67
4922	67
4923	67
4924	67
4925	67
4926	67
4927	67
4928	67
4929	67
4930	67
4931	67
4932	67
4933	67
4934	67
4935	67
4936	67
4937	67
4938	67
4939	67
4940	67
4941	67
4942	67
4943	67
4944	67
4945	67
4946	67
4947	67
4948	67
4949	67
4950	67
4951	67
4952	67
4953	67
4954	67
4955	67
4956	67
4957	67
4958	67
4959	67
4960	67
4961	67
4962	67
4963	67
4964	67
4965	67
4966	67
4967	67
4968	67
4969	67
4970	27
4971	3
4972	3
4973	3
4974	3
4975	3
4976	3
4977	3
4978	3
4979	3
4980	3
4981	3
4982	3
4983	3
4984	3
4985	3
4986	3
4987	3
4988	3
4989	3
4990	3
4991	3
4992	3
4993	3
4994	3
4995	3
4996	9
4997	9
4998	9
4999	9
5000	9
5001	9
5002	9
5003	9
5004	9
5005	9
5006	9
5007	9
5008	9
5009	9
5010	9
5011	9
5012	9
5013	9
5014	9
5015	9
5016	9
5017	9
5018	9
5019	9
5020	9
5021	35
5022	35
5023	35
5024	35
5025	35
5026	35
5027	35
5028	35
5029	35
5030	35
5031	35
5032	35
5033	35
5034	35
5035	35
5036	35
5037	35
5038	35
5039	35
5040	35
5041	35
5042	35
5043	35
5044	35
5045	35
5046	35
5047	35
5048	35
5049	35
5050	14
5051	14
5052	14
5053	14
5054	14
5055	14
5056	14
5057	14
5058	14
5059	14
5060	14
5061	14
5062	14
5063	14
5064	14
5065	14
5066	14
5067	14
5068	14
5069	14
5070	14
5071	14
5072	14
5073	14
5074	14
5075	14
5076	14
5077	14
5078	14
5079	14
5080	14
5081	14
5082	14
5083	14
5084	14
5085	14
5086	14
5087	14
5088	14
5089	14
5090	14
5091	14
5092	14
5093	14
5094	14
5095	14
5096	14
5097	14
5098	14
5099	14
5100	14
5101	14
5102	14
5103	14
5104	14
5105	14
5106	14
5107	14
5108	14
5109	14
5110	14
5111	14
5112	14
5113	14
5114	14
5115	14
5116	14
5117	14
5118	14
5119	14
5120	14
5121	14
5122	14
5123	14
5124	14
5125	14
5126	14
5127	50
5128	36
5129	36
5130	36
5131	36
5132	36
5133	36
5134	36
5135	36
5136	36
5137	36
5138	36
5139	36
5140	36
5141	36
5142	36
5143	36
5144	36
5145	36
5146	36
5147	36
5148	36
5149	36
5150	36
5151	36
5152	36
5153	57
5154	57
5155	57
5156	57
5157	57
5158	57
5159	57
5160	57
5161	57
5162	57
5163	57
5164	57
5165	57
5166	57
5167	57
5168	57
5169	57
5170	57
5171	57
5172	57
5173	57
5174	57
5175	57
5176	57
5177	57
5178	60
5179	60
5180	60
5181	60
5182	60
5183	60
5184	60
5185	60
5186	60
5187	60
5188	60
5189	60
5190	60
5191	60
5192	60
5193	60
5194	60
5195	60
5196	60
5197	60
5198	60
5199	60
5200	60
5201	60
5202	60
5203	60
5204	60
5205	60
5206	60
5207	60
5208	60
5209	60
5210	60
5211	60
5212	60
5213	60
5214	60
5215	60
5216	60
5217	60
5218	60
5219	60
5220	60
5221	60
5222	60
5223	60
5224	60
5225	60
5226	60
5227	60
5228	60
5229	60
5230	60
5231	60
5232	60
5233	60
5234	60
5235	60
5236	60
5237	60
5238	60
5239	60
5240	60
5241	60
5242	60
5243	60
5244	60
5245	60
5246	60
5247	60
5248	60
5249	60
5250	60
5251	60
5252	60
5253	60
5254	60
5255	60
5256	60
5257	60
5258	60
5259	60
5260	60
5261	60
5262	60
5263	60
5264	60
5265	60
5266	60
5267	60
5268	60
5269	60
5270	60
5271	60
5272	60
5273	60
5274	60
5275	60
5276	60
5277	60
5278	60
5279	60
5280	36
5281	52
5282	52
5283	52
5284	52
5285	52
5286	52
5287	52
5288	52
5289	52
5290	52
5291	52
5292	52
5293	52
5294	52
5295	52
5296	52
5297	52
5298	52
5299	52
5300	52
5301	52
5302	52
5303	52
5304	52
5305	52
5306	52
5307	52
5308	52
5309	52
5310	52
5311	52
5312	52
5313	52
5314	52
5315	52
5316	52
5317	52
5318	52
5319	52
5320	52
5321	52
5322	52
5323	52
5324	52
5325	52
5326	52
5327	52
5328	52
5329	52
5330	52
5331	52
5332	52
5333	52
5334	52
5335	52
5336	52
5337	52
5338	52
5339	52
5340	52
5341	52
5342	52
5343	52
5344	52
5345	52
5346	52
5347	52
5348	52
5349	52
5350	52
5351	52
5352	52
5353	52
5354	52
5355	52
5356	52
5357	52
5358	52
5359	61
5360	61
5361	61
5362	61
5363	61
5364	61
5365	61
5366	61
5367	61
5368	61
5369	61
5370	61
5371	61
5372	61
5373	61
5374	61
5375	61
5376	61
5377	61
5378	61
5379	61
5380	61
5381	61
5382	61
5383	61
5384	61
5385	61
5386	61
5387	61
5388	61
5389	61
5390	61
5391	61
5392	61
5393	61
5394	61
5395	61
5396	61
5397	61
5398	61
5399	61
5400	61
5401	61
5402	61
5403	61
5404	61
5405	61
5406	61
5407	61
5408	61
5409	61
5410	61
5411	61
5412	37
5413	52
5414	52
5415	52
5416	52
5417	52
5418	52
5419	52
5420	52
5421	52
5422	52
5423	52
5424	52
5425	52
5426	52
5427	52
5428	52
5429	52
5430	52
5431	52
5432	52
5433	52
5434	52
5435	52
5436	52
5437	52
5438	52
5439	52
5440	52
5441	52
5442	52
5443	52
5444	52
5445	52
5446	52
5447	52
5448	52
5449	52
5450	52
5451	52
5452	52
5453	52
5454	52
5455	52
5456	52
5457	52
5458	52
5459	52
5460	52
5461	52
5462	52
5463	52
5464	52
5465	52
5466	52
5467	52
5468	52
5469	52
5470	52
5471	52
5472	52
5473	52
5474	52
5475	52
5476	52
5477	52
5478	52
5479	52
5480	52
5481	52
5482	52
5483	52
5484	52
5485	52
5486	52
5487	52
5488	52
5489	52
5490	61
5491	61
5492	61
5493	61
5494	61
5495	61
5496	61
5497	61
5498	61
5499	61
5500	61
5501	61
5502	61
5503	61
5504	61
5505	61
5506	61
5507	61
5508	61
5509	61
5510	61
5511	61
5512	61
5513	61
5514	61
5515	61
5516	61
5517	61
5518	61
5519	61
5520	61
5521	61
5522	61
5523	61
5524	61
5525	61
5526	61
5527	61
5528	61
5529	61
5530	61
5531	61
5532	61
5533	61
5534	61
5535	61
5536	61
5537	61
5538	61
5539	61
5540	61
5541	61
5542	61
5543	61
5544	61
5545	61
5546	61
5547	61
5548	61
5549	61
5550	61
5551	61
5552	61
5553	61
5554	61
5555	61
5556	61
5557	61
5558	61
5559	61
5560	61
5561	61
5562	61
5563	61
5564	61
5565	61
5566	61
5567	61
5568	61
5569	52
5570	52
5571	52
5572	52
5573	52
5574	52
5575	52
5576	52
5577	52
5578	52
5579	52
5580	52
5581	52
5582	52
5583	52
5584	52
5585	52
5586	52
5587	52
5588	52
5589	52
5590	52
5591	52
5592	52
5593	52
5594	52
5595	52
5596	52
5597	52
5598	52
5599	52
5600	52
5601	52
5602	52
5603	52
5604	52
5605	52
5606	52
5607	52
5608	52
5609	52
5610	52
5611	52
5612	52
5613	52
5614	52
5615	52
5616	52
5617	52
5618	52
5619	40
5620	61
5621	61
5622	61
5623	61
5624	61
5625	61
5626	61
5627	61
5628	61
5629	61
5630	61
5631	61
5632	61
5633	61
5634	61
5635	61
5636	61
5637	61
5638	61
5639	61
5640	61
5641	61
5642	61
5643	61
5644	61
5645	61
5646	61
5647	61
5648	61
5649	61
5650	61
5651	61
5652	61
5653	61
5654	61
5655	61
5656	61
5657	61
5658	61
5659	61
5660	61
5661	61
5662	61
5663	61
5664	61
5665	61
5666	61
5667	61
5668	61
5669	61
5670	61
5671	61
5672	61
5673	61
5674	61
5675	61
5676	61
5677	61
5678	61
5679	61
5680	61
5681	61
5682	61
5683	61
5684	61
5685	61
5686	61
5687	61
5688	61
5689	61
5690	61
5691	61
5692	61
5693	61
5694	61
5695	61
5696	61
5697	27
5698	52
5699	52
5700	52
5701	52
5702	52
5703	52
5704	52
5705	52
5706	52
5707	52
5708	52
5709	52
5710	52
5711	52
5712	52
5713	52
5714	52
5715	52
5716	52
5717	52
5718	52
5719	52
5720	52
5721	52
5722	52
5723	36
5724	36
5725	36
5726	36
5727	36
5728	36
5729	36
5730	36
5731	36
5732	36
5733	36
5734	36
5735	36
5736	36
5737	36
5738	36
5739	36
5740	36
5741	36
5742	36
5743	36
5744	36
5745	36
5746	36
5747	36
5748	36
5749	36
5750	36
5751	36
5752	61
5753	61
5754	61
5755	61
5756	61
5757	61
5758	61
5759	61
5760	61
5761	61
5762	61
5763	61
5764	61
5765	61
5766	61
5767	61
5768	61
5769	61
5770	61
5771	61
5772	61
5773	61
5774	61
5775	61
5776	18
5777	18
5778	18
5779	18
5780	18
5781	18
5782	18
5783	18
5784	18
5785	18
5786	18
5787	18
5788	18
5789	18
5790	18
5791	18
5792	18
5793	18
5794	18
5795	18
5796	18
5797	18
5798	18
5799	18
5800	18
5801	9
5802	9
5803	9
5804	9
5805	9
5806	9
5807	9
5808	9
5809	9
5810	9
5811	9
5812	9
5813	9
5814	9
5815	9
5816	9
5817	9
5818	9
5819	9
5820	9
5821	9
5822	9
5823	9
5824	9
5825	9
5826	9
5827	9
5828	9
5829	9
5830	14
5831	14
5832	14
5833	14
5834	14
5835	14
5836	14
5837	14
5838	14
5839	14
5840	14
5841	14
5842	14
5843	14
5844	14
5845	14
5846	14
5847	14
5848	14
5849	14
5850	14
5851	14
5852	14
5853	14
5854	14
5855	28
5856	28
5857	28
5858	28
5859	28
5860	28
5861	28
5862	28
5863	28
5864	28
5865	28
5866	28
5867	28
5868	28
5869	28
5870	28
5871	28
5872	28
5873	28
5874	28
5875	28
5876	28
5877	28
5878	28
5879	28
5880	607
5881	607
5882	607
5883	607
5884	607
5885	607
5886	607
5887	607
5888	607
5889	607
5890	607
5891	607
5892	607
5893	607
5894	607
5895	607
5896	607
5897	607
5898	607
5899	607
5900	607
5901	607
5902	607
5903	607
5904	607
5905	607
5906	607
5907	607
5908	607
5909	1967
5910	1967
5911	1967
5912	1967
5913	1967
5914	1967
5915	1967
5916	1967
5917	1967
5918	1967
5919	1967
5920	1967
5921	1967
5922	1967
5923	1967
5924	1967
5925	1967
5926	1967
5927	1967
5928	1967
5929	1967
5930	1967
5931	1967
5932	1967
5933	1963
5934	1963
5935	1963
5936	1963
5937	1963
5938	1963
5939	1963
5940	1963
5941	1963
5942	1963
5943	1963
5944	1963
5945	1963
5946	1963
5947	1963
5948	1963
5949	1963
5950	1963
5951	1963
5952	1963
5953	1963
5954	1963
5955	1963
5956	1963
5957	1963
5958	1975
5959	1975
5960	1975
5961	1975
5962	1975
5963	1975
5964	1975
5965	1975
5966	1975
5967	1975
5968	1975
5969	1975
5970	1975
5971	1975
5972	1975
5973	1975
5974	1975
5975	1975
5976	1975
5977	1975
5978	1975
5979	1975
5980	1975
5981	1975
5982	1975
5983	1964
5984	1964
5985	1964
5986	1964
5987	1964
5988	1964
5989	1964
5990	1964
5991	1964
5992	1964
5993	1964
5994	1964
5995	1964
5996	1964
5997	1964
5998	1964
5999	1964
6000	1964
6001	1964
6002	1964
6003	1964
6004	1964
6005	1964
6006	1964
6007	1964
6008	1964
6009	1964
6010	1964
6011	1964
6012	1954
6013	1954
6014	1954
6015	1954
6016	1954
6017	1954
6018	1954
6019	1954
6020	1954
6021	1954
6022	1954
6023	1954
6024	1954
6025	1954
6026	1954
6027	1954
6028	1954
6029	1954
6030	1954
6031	1954
6032	1954
6033	1954
6034	1954
6035	1954
6036	1954
6037	1949
6038	1949
6039	1949
6040	1949
6041	1949
6042	1949
6043	1949
6044	1949
6045	1949
6046	1949
6047	1949
6048	1949
6049	1949
6050	1949
6051	1949
6052	1949
6053	1949
6054	1949
6055	1949
6056	1949
6057	1949
6058	1949
6059	1949
6060	1949
6061	1946
6062	1946
6063	1946
6064	1946
6065	1946
6066	1946
6067	1946
6068	1946
6069	1946
6070	1946
6071	1946
6072	1946
6073	1946
6074	1946
6075	1946
6076	1946
6077	1946
6078	1946
6079	1946
6080	1946
6081	1946
6082	1946
6083	1946
6084	1946
6085	1946
6086	1946
6087	1946
6088	1946
6089	1946
6090	1946
6091	1946
6092	1946
6093	1946
6094	1946
6095	1946
6096	1946
6097	1946
6098	1946
6099	1946
6100	1946
6101	1946
6102	1946
6103	1946
6104	1946
6105	1946
6106	1946
6107	1946
6108	1946
6109	1946
6110	1946
6111	1946
6112	1946
6113	1946
6114	1946
6115	1946
6116	1946
6117	1946
6118	1946
6119	1946
6120	1946
6121	1946
6122	1946
6123	1946
6124	1946
6125	1946
6126	1946
6127	1946
6128	1946
6129	1946
6130	1946
6131	1946
6132	1946
6133	1946
6134	1946
6135	1946
6136	1946
6137	1946
6138	1946
6139	1946
6140	1924
6141	1924
6142	1924
6143	1924
6144	1924
6145	1924
6146	1924
6147	1924
6148	1924
6149	1924
6150	1924
6151	1924
6152	1924
6153	1924
6154	1924
6155	1924
6156	1924
6157	1924
6158	1924
6159	1924
6160	1924
6161	1924
6162	1924
6163	1924
6164	1924
6165	1924
6166	1924
6167	1924
6168	1924
6169	1918
6170	1918
6171	1918
6172	1918
6173	1918
6174	1918
6175	1918
6176	1918
6177	1918
6178	1918
6179	1918
6180	1918
6181	1918
6182	1918
6183	1918
6184	1918
6185	1918
6186	1918
6187	1918
6188	1918
6189	1918
6190	1918
6191	1918
6192	1918
6193	1918
6194	1918
6195	1918
6196	1918
6197	1918
6198	1918
6199	1918
6200	1918
6201	1918
6202	1918
6203	1918
6204	1918
6205	1918
6206	1918
6207	1918
6208	1918
6209	1918
6210	1918
6211	1918
6212	1918
6213	1918
6214	1918
6215	1918
6216	1918
6217	1918
6218	1916
6219	1916
6220	1916
6221	1916
6222	1916
6223	1916
6224	1916
6225	1916
6226	1916
6227	1916
6228	1916
6229	1916
6230	1916
6231	1916
6232	1916
6233	1916
6234	1916
6235	1916
6236	1916
6237	1916
6238	1916
6239	1916
6240	1916
6241	1916
6242	1916
6243	1938
6244	1938
6245	1938
6246	1938
6247	1938
6248	1938
6249	1938
6250	1938
6251	1938
6252	1938
6253	1938
6254	1938
6255	1938
6256	1938
6257	1938
6258	1938
6259	1938
6260	1938
6261	1938
6262	1938
6263	1938
6264	1938
6265	1938
6266	1938
6267	1938
6268	1938
6269	1938
6270	1938
6271	1938
6272	1932
6273	1932
6274	1932
6275	1932
6276	1932
6277	1932
6278	1932
6279	1932
6280	1932
6281	1932
6282	1932
6283	1932
6284	1932
6285	1932
6286	1932
6287	1932
6288	1932
6289	1932
6290	1932
6291	1932
6292	1932
6293	1932
6294	1932
6295	1932
6296	1932
6297	1932
6298	1932
6299	1932
6300	1932
6301	1932
6302	1932
6303	1932
6304	1932
6305	1932
6306	1932
6307	1932
6308	1932
6309	1932
6310	1932
6311	1932
6312	1932
6313	1932
6314	1932
6315	1932
6316	1932
6317	1932
6318	1932
6319	1932
6320	1932
6321	1899
6322	1899
6323	1899
6324	1899
6325	1899
6326	1899
6327	1899
6328	1899
6329	1899
6330	1899
6331	1899
6332	1899
6333	1899
6334	1899
6335	1899
6336	1899
6337	1899
6338	1899
6339	1899
6340	1899
6341	1899
6342	1899
6343	1899
6344	1899
6345	1899
6346	1899
6347	1899
6348	1899
6349	1899
6350	1907
6351	1907
6352	1907
6353	1907
6354	1907
6355	1907
6356	1907
6357	1907
6358	1907
6359	1907
6360	1907
6361	1907
6362	1907
6363	1907
6364	1907
6365	1907
6366	1907
6367	1907
6368	1907
6369	1907
6370	1907
6371	1907
6372	1907
6373	1907
6374	1907
6375	1907
6376	1907
6377	1907
6378	1907
6379	1907
6380	1907
6381	1907
6382	1907
6383	1907
6384	1907
6385	1907
6386	1907
6387	1907
6388	1907
6389	1907
6390	1907
6391	1907
6392	1907
6393	1907
6394	1907
6395	1907
6396	1907
6397	1907
6398	1907
6399	1907
6400	1915
6401	1915
6402	1915
6403	1915
6404	1915
6405	1915
6406	1915
6407	1915
6408	1915
6409	1915
6410	1915
6411	1915
6412	1915
6413	1915
6414	1915
6415	1915
6416	1915
6417	1915
6418	1915
6419	1915
6420	1915
6421	1915
6422	1915
6423	1915
6424	1915
6425	1915
6426	1915
6427	1915
6428	1915
6429	1890
6430	1890
6431	1890
6432	1890
6433	1890
6434	1890
6435	1890
6436	1890
6437	1890
6438	1890
6439	1890
6440	1890
6441	1890
6442	1890
6443	1890
6444	1890
6445	1890
6446	1890
6447	1890
6448	1890
6449	1890
6450	1890
6451	1890
6452	1890
6453	1890
6454	1890
6455	1890
6456	1890
6457	1890
6458	1890
6459	1890
6460	1890
6461	1890
6462	1890
6463	1890
6464	1890
6465	1890
6466	1890
6467	1890
6468	1890
6469	1890
6470	1890
6471	1890
6472	1890
6473	1890
6474	1890
6475	1890
6476	1890
6477	1890
6478	1884
6479	1884
6480	1884
6481	1884
6482	1884
6483	1884
6484	1884
6485	1884
6486	1884
6487	1884
6488	1884
6489	1884
6490	1884
6491	1884
6492	1884
6493	1884
6494	1884
6495	1884
6496	1884
6497	1884
6498	1884
6499	1884
6500	1884
6501	1884
6502	1884
6503	1901
6504	1901
6505	1901
6506	1901
6507	1901
6508	1901
6509	1901
6510	1901
6511	1901
6512	1901
6513	1901
6514	1901
6515	1901
6516	1901
6517	1901
6518	1901
6519	1901
6520	1901
6521	1901
6522	1901
6523	1901
6524	1901
6525	1901
6526	1901
6527	1901
6528	1901
6529	1901
6530	1901
6531	1901
6532	1901
6533	1901
6534	1901
6535	1901
6536	1901
6537	1901
6538	1901
6539	1901
6540	1901
6541	1901
6542	1901
6543	1901
6544	1901
6545	1901
6546	1901
6547	1901
6548	1901
6549	1901
6550	1901
6551	1901
6552	1901
6553	1901
6554	1901
6555	1901
6556	1901
6557	1898
6558	1898
6559	1898
6560	1898
6561	1898
6562	1898
6563	1898
6564	1898
6565	1898
6566	1898
6567	1898
6568	1898
6569	1898
6570	1898
6571	1898
6572	1898
6573	1898
6574	1898
6575	1898
6576	1898
6577	1898
6578	1898
6579	1898
6580	1898
6581	1898
6582	1860
6583	1860
6584	1860
6585	1860
6586	1860
6587	1860
6588	1860
6589	1860
6590	1860
6591	1860
6592	1860
6593	1860
6594	1860
6595	1860
6596	1860
6597	1860
6598	1860
6599	1860
6600	1860
6601	1860
6602	1860
6603	1860
6604	1860
6605	1860
6606	1860
6607	1860
6608	1860
6609	1860
6610	1862
6611	1862
6612	1862
6613	1862
6614	1862
6615	1862
6616	1862
6617	1862
6618	1862
6619	1862
6620	1862
6621	1862
6622	1862
6623	1862
6624	1862
6625	1862
6626	1862
6627	1862
6628	1862
6629	1862
6630	1862
6631	1862
6632	1862
6633	1862
6634	1862
6635	1853
6636	1853
6637	1853
6638	1853
6639	1853
6640	1853
6641	1853
6642	1853
6643	1853
6644	1853
6645	1853
6646	1853
6647	1853
6648	1853
6649	1853
6650	1853
6651	1853
6652	1853
6653	1853
6654	1853
6655	1853
6656	1853
6657	1853
6658	1853
6659	1853
6660	1856
6661	1856
6662	1856
6663	1856
6664	1856
6665	1856
6666	1856
6667	1856
6668	1856
6669	1856
6670	1856
6671	1856
6672	1856
6673	1856
6674	1856
6675	1856
6676	1856
6677	1856
6678	1856
6679	1856
6680	1856
6681	1856
6682	1856
6683	1856
6684	1856
6685	1856
6686	1856
6687	1856
6688	1856
6689	3
6690	3
6691	3
6692	3
6693	3
6694	3
6695	3
6696	3
6697	3
6698	3
6699	3
6700	3
6701	3
6702	3
6703	3
6704	3
6705	3
6706	3
6707	3
6708	3
6709	3
6710	3
6711	3
6712	3
6713	3
6714	3
6715	3
6716	3
6717	3
6718	3
6719	3
6720	3
6721	3
6722	3
6723	3
6724	3
6725	3
6726	3
6727	3
6728	3
6729	3
6730	3
6731	3
6732	3
6733	3
6734	3
6735	3
6736	3
6737	3
6738	3
6739	3
6740	3
6741	3
6742	3
6743	3
6744	3
6745	3
6746	3
6747	3
6748	3
6749	3
6750	3
6751	3
6752	3
6753	3
6754	3
6755	3
6756	3
6757	3
6758	3
6759	3
6760	3
6761	3
6762	26
6763	11
6764	11
6765	11
6766	11
6767	11
6768	11
6769	11
6770	11
6771	11
6772	11
6773	11
6774	11
6775	11
6776	11
6777	11
6778	11
6779	11
6780	11
6781	11
6782	11
6783	11
6784	11
6785	11
6786	11
6787	11
6788	11
6789	11
6790	11
6791	11
6792	3
6793	3
6794	3
6795	3
6796	3
6797	3
6798	3
6799	3
6800	3
6801	3
6802	3
6803	3
6804	3
6805	3
6806	3
6807	3
6808	3
6809	3
6810	3
6811	3
6812	3
6813	3
6814	3
6815	6
