1	0
2	0
3	0
4	0
5	0
6	0.211592
7	3202.318408
8	4720.51
9	9677.76
10	6026.8
11	2728.2
12	2630.2
13	2548.2
14	2545.9
15	2619
16	2743.7
17	2764.2
18	4795.9
19	9947.6
20	6493.3
21	3157.6
22	3219.8
23	1.2
24	0
25	0
26	0
27	0
28	0
29	0
30	0.9
31	5974.4
32	6991
33	12330.2
34	8046.1
35	4264
36	4192
37	4186
38	4162
39	4153
40	4143
41	4174
42	6252
43	11366
44	7568
45	4218
46	4268
47	2
48	0
49	0
50	0
51	0
52	0
53	0
54	2
55	7571
56	8371
57	13899
58	9406
59	5275
60	4928
61	4604
62	4474
63	4490
64	4564
65	4768
66	7269
67	13448
68	9008
69	4934
70	4937
71	2
72	0
73	0
74	0
75	0
76	0
77	0
78	3
79	9262
80	10424
81	17489
82	11619
83	5639
84	4733
85	4123
86	3642
87	3500
88	4010
89	4412
90	7218
91	13984
92	9395
93	5087
94	5193
95	2
96	0
97	0
98	0
99	0
100	0
101	0
102	3
103	9590
104	10764
105	18018
106	12096
107	5995
108	5074
109	4535
110	4071
111	3850
112	4382
113	4834
114	7864
115	15288
116	10368
117	5551
118	5556
119	2
120	0
121	0
122	0
123	0
124	0
125	0
126	4
127	10111
128	11484
129	19394
130	12865
131	6408
132	5656
133	5344
134	5095
135	5061
136	5249
137	5455
138	8416
139	15891
140	10894
141	6025
142	6029
143	3
144	0
145	0
146	0
147	0
148	0
149	0
150	3
151	9810
152	10482
153	16753
154	11584
155	6951
156	6656
157	6358
158	6209
159	6143
160	6104
161	6100
162	8589
163	14909
164	10313
165	6084
166	6088
167	3
168	0
169	0
170	0
171	0
172	0
173	0
174	3
175	10509
176	11216
177	17897
178	12427
179	7314
180	6717
181	6302
182	6061
183	5896
184	5950
185	6023
186	8601
187	15051
188	10342
189	6073
190	6064
191	3
192	0
193	0
194	0
195	0
196	0
197	0
198	4
199	10100
200	10509
201	16261
202	11337
203	6938
204	6560
205	6240
206	5990
207	5830
208	5820
209	5820
210	7910
211	13210
212	9210
213	5640
214	5580
215	10
216	0
217	0
218	0
219	0
220	0
221	0
222	0
223	8720
224	8680
225	12520
226	8780
227	5160
228	4220
229	3730
230	3690
231	3930
232	4080
233	4280
234	6140
235	10670
236	7430
237	4450
238	4500
239	0
240	0
241	0
242	0
243	0
244	0
245	0
246	0
247	7750
248	8110
249	12710
250	8920
251	5020
252	4900
253	4720
254	4510
255	4590
256	4610
257	4630
258	6600
259	11490
260	7920
261	4720
262	4710
263	10
264	0
265	0
266	0
267	0
268	0
269	0
270	0
271	8000
272	8430
273	13430
274	9500
275	5890
276	5780
277	5480
278	5100
279	4530
280	4370
281	4720
282	6920
283	12220
284	8500
285	5010
286	5020
287	0
288	0
289	0
290	0
291	0
292	0
293	0
294	0
295	9220
296	10110
297	16230
298	10850
299	5420
300	4390
301	3860
302	3530
303	3420
304	3750
305	4260
306	7060
307	13720
308	9160
309	4900
310	4900
311	0
312	0
313	0
314	0
315	0
316	0
317	0
318	10
319	8640
320	9450
321	15420
322	10570
323	6210
324	6030
325	5800
326	5600
327	5480
328	5450
329	5470
330	7780
331	13500
332	9240
333	5420
334	5410
335	0
336	0
337	0
338	0
339	0
340	0
341	0
342	10
343	9040
344	9440
345	14710
346	10260
347	6250
348	5940
349	5650
350	5460
351	5270
352	5200
353	5260
354	7350
355	12520
356	8680
357	5220
358	5210
359	0
360	0
361	0
362	0
363	0
364	0
365	0
366	0
367	8640
368	8980
369	14060
370	9710
371	4780
372	3910
373	3340
374	2920
375	2810
376	3130
377	3760
378	6440
379	12450
380	8300
381	4510
382	4560
383	0
384	0
385	0
386	0
387	0
388	0
389	0
390	0
391	8630
392	9750
393	16500
394	10780
395	5000
396	4050
397	3330
398	2930
399	2750
400	2840
401	3390
402	6070
403	12200
404	8260
405	4440
406	4550
407	0
408	0
409	0
410	0
411	0
412	0
413	0
414	0
415	8320
416	9150
417	15010
418	10090
419	5770
420	5580
421	5460
422	5390
423	5340
424	5280
425	5250
426	7380
427	12840
428	8790
429	5150
430	5120
431	0
432	0
433	0
434	0
435	0
436	0
437	0
438	0
439	8370
440	8730
441	13560
442	9500
443	5330
444	4160
445	3550
446	3350
447	2860
448	2950
449	3520
450	5770
451	10850
452	7330
453	4080
454	4110
455	0
456	0
457	0
458	0
459	0
460	0
461	0
462	0
463	7240
464	8030
465	13100
466	8750
467	5150
468	5010
469	4910
470	4700
471	4490
472	4450
473	4470
474	6260
475	10670
476	7450
477	4460
478	4440
479	0
480	0
481	0
482	0
483	0
484	0
485	0
486	0
487	7610
488	8050
489	12660
490	8590
491	4470
492	3930
493	3660
494	3590
495	3460
496	3590
497	3800
498	5700
499	9990
500	6800
501	4030
502	3980
503	0
504	0
505	0
506	0
507	0
508	0
509	0
510	0
511	6480
512	6530
513	9850
514	7040
515	4510
516	4330
517	4180
518	4090
519	4030
520	3940
521	3880
522	4990
523	7680
524	5420
525	3560
526	3510
527	0
528	0
529	0
530	0
531	0
532	0
533	0
534	0
535	5400
536	5690
537	8960
538	6480
539	4100
540	3920
541	3720
542	3580
543	3510
544	3530
545	3560
546	5230
547	9340
548	6550
549	3860
550	3840
551	0
552	0
553	0
554	0
555	0
556	0
557	0
558	0
559	6620
560	6970
561	10950
562	7530
563	4430
564	4040
565	4010
566	4150
567	4100
568	3960
569	3970
570	5560
571	9630
572	6760
573	4100
574	4120
575	0
576	0
577	0
578	0
579	0
580	0
581	0
582	10
583	7220
584	7860
585	12360
586	8430
587	5040
588	4800
589	4440
590	4110
591	3970
592	3850
593	3700
594	4500
595	7040
596	5280
597	3500
598	3460
599	0
600	0
601	0
602	0
603	0
604	0
605	0
606	0
607	5330
608	5380
609	7970
610	5360
611	2930
612	2790
613	2770
614	2670
615	2660
616	2780
617	2920
618	4000
619	7360
620	5760
621	3440
622	3530
623	0
624	0
625	0
626	0
627	0
628	0
629	0
630	0
631	6950
632	7720
633	12690
634	8340
635	4530
636	4220
637	3690
638	3110
639	2890
640	2940
641	3370
642	5670
643	10880
644	7270
645	3950
646	3950
647	0
648	0
649	0
650	0
651	0
652	0
653	0
654	0
655	6480
656	6780
657	10620
658	7310
659	4260
660	3900
661	3720
662	3450
663	3210
664	3370
665	3510
666	5200
667	9370
668	6420
669	3810
670	3820
671	0
672	0
673	0
674	0
675	0
676	0
677	0
678	10
679	6270
680	6510
681	9880
682	6740
683	3950
684	3760
685	3770
686	3780
687	3780
688	3760
689	3730
690	5040
691	8460
692	5800
693	3500
694	3480
695	0
696	0
697	0
698	0
699	0
700	0
701	0
702	0
703	6010
704	6270
705	9620
706	6690
707	4250
708	4150
709	3990
710	3920
711	3920
712	3960
713	4040
714	5960
715	10800
716	7640
717	4500
718	4620
719	10
720	0
721	0
722	0
723	0
724	0
725	0
726	0
727	6420
728	6250
729	9210
730	6670
731	4290
732	3470
733	2440
734	1980
735	1710
736	1570
737	1940
738	3690
739	7170
740	5190
741	3120
742	3270
743	0
744	0
745	0
746	0
747	0
748	0
749	0
750	0
751	5550
752	5830
753	8990
754	6000
755	3540
756	3380
757	3210
758	2970
759	2670
760	2710
761	2840
762	3950
763	6710
764	4740
765	2970
766	3030
767	0
768	0
769	0
770	0
771	0
772	0
773	0
774	0
775	5520
776	5930
777	9270
778	5400
779	2060
780	1560
781	1320
782	1120
783	960
784	860
785	930
786	2240
787	5770
788	4140
789	2020
790	2220
791	0
792	0
793	0
794	0
795	0
796	0
797	0
798	0
799	5230
800	6260
801	10840
802	5950
803	1830
804	1380
805	1210
806	1100
807	970
808	880
809	920
810	2230
811	5880
812	4110
813	1740
814	2020
815	0
816	0
817	0
818	0
819	0
820	0
821	0
822	0
823	3310
824	4220
825	7870
826	4690
827	1510
828	1200
829	1110
830	1040
831	940
832	890
833	970
834	2590
835	6680
836	4060
837	1460
838	1470
839	0
840	0
841	0
842	0
843	0
844	0
845	0
846	0
847	2750
848	3250
849	5510
850	3380
851	1670
852	1500
853	1230
854	1140
855	1220
856	1410
857	1580
858	2490
859	4970
860	3600
861	2030
862	2120
863	0
864	0
865	0
866	0
867	0
868	0
869	0
870	0
871	4080
872	4680
873	8020
874	5220
875	2780
876	2570
877	2340
878	2220
879	2120
880	2180
881	2290
882	3700
883	7060
884	4920
885	2750
886	2760
887	0
888	0
889	0
890	0
891	0
892	0
893	0
894	0
895	5910
896	6750
897	11250
898	7210
899	3820
900	3360
901	2630
902	1850
903	1860
904	2210
905	2490
906	4160
907	8030
908	5430
909	2980
910	3070
911	0
912	0
913	0
914	0
915	0
916	0
917	0
918	0
919	5600
920	6180
921	10140
922	6670
923	3710
924	3580
925	3450
926	3430
927	3410
928	3340
929	3340
930	4870
931	8680
932	5970
933	3450
934	3440
935	0
936	0
937	0
938	0
939	0
940	0
941	0
942	0
943	5420
944	5540
945	8350
946	5730
947	3410
948	3090
949	2760
950	2630
951	2640
952	2700
953	2750
954	3820
955	6740
956	4950
957	3050
958	3110
959	0
960	0
961	0
962	0
963	0
964	0
965	0
966	0
967	7050
968	7830
969	13030
970	8760
971	4970
972	4740
973	4520
974	4290
975	4150
976	4110
977	4170
978	6200
979	11250
980	7690
981	4490
982	4490
983	10
984	0
985	0
986	0
987	0
988	0
989	0
990	0
991	7660
992	8290
993	13420
994	9250
995	5460
996	5250
997	5030
998	4880
999	4750
1000	4630
1001	4580
1002	6690
1003	12180
1004	8620
1005	5020
1006	5040
1007	10
1008	0
1009	0
1010	0
1011	0
1012	0
1013	0
1014	0
1015	8890
1016	9540
1017	15280
1018	10410
1019	6180
1020	5940
1021	5700
1022	5530
1023	5430
1024	5370
1025	5340
1026	7530
1027	13040
1028	8980
1029	5290
1030	5250
1031	10
1032	0
1033	0
1034	0
1035	0
1036	0
1037	0
1038	0
1039	8890
1040	9450
1041	14990
1042	10430
1043	6300
1044	6090
1045	5910
1046	5740
1047	5590
1048	5470
1049	5440
1050	7670
1051	13310
1052	9160
1053	5390
1054	5350
1055	10
1056	0
1057	0
1058	0
1059	0
1060	0
1061	0
1062	0
1063	9120
1064	9700
1065	15390
1066	10680
1067	6400
1068	6120
1069	5830
1070	5520
1071	5240
1072	5040
1073	5070
1074	7480
1075	13300
1076	9120
1077	5280
1078	5230
1079	0
1080	0
1081	0
1082	0
1083	0
1084	0
1085	0
1086	10
1087	8920
1088	9480
1089	15110
1090	10480
1091	6280
1092	6030
1093	5810
1094	5590
1095	5430
1096	5360
1097	5380
1098	7700
1099	13480
1100	9240
1101	5390
1102	5380
1103	0
1104	0
1105	0
1106	0
1107	0
1108	0
1109	0
1110	10
1111	9160
1112	9760
1113	15510
1114	10760
1115	6430
1116	6090
1117	5800
1118	5630
1119	5480
1120	5390
1121	5320
1122	7470
1123	12880
1124	8920
1125	5300
1126	5260
1127	0
1128	0
1129	0
1130	0
1131	0
1132	0
1133	0
1134	0
1135	8750
1136	9180
1137	14330
1138	10090
1139	6250
1140	6020
1141	5840
1142	5710
1143	5570
1144	5450
1145	5370
1146	7230
1147	12010
1148	8410
1149	5150
1150	5120
1151	0
1152	0
1153	0
1154	0
1155	0
1156	0
1157	0
1158	0
1159	8470
1160	8750
1161	13320
1162	9100
1163	5500
1164	5170
1165	4890
1166	4620
1167	4500
1168	4480
1169	4450
1170	6060
1171	10220
1172	7500
1173	4730
1174	4700
1175	0
1176	0
1177	0
1178	0
1179	0
1180	0
1181	0
1182	0
1183	7570
1184	7730
1185	11670
1186	8070
1187	4890
1188	4630
1189	4290
1190	3890
1191	3740
1192	3640
1193	3520
1194	5340
1195	9740
1196	6980
1197	4170
1198	4230
1199	0
1200	0
1201	0
1202	0
1203	0
1204	0
1205	0
1206	0
1207	7160
1208	7520
1209	11760
1210	8180
1211	4840
1212	4630
1213	4370
1214	4090
1215	3870
1216	3770
1217	3740
1218	5560
1219	9890
1220	6880
1221	4090
1222	4070
1223	0
1224	0
1225	0
1226	0
1227	0
1228	0
1229	0
1230	10
1231	7270
1232	7760
1233	12500
1234	8200
1235	4640
1236	4420
1237	3980
1238	3630
1239	3380
1240	3500
1241	3760
1242	5740
1243	10550
1244	7560
1245	4430
1246	4410
1247	0
1248	0
1249	0
1250	0
1251	0
1252	0
1253	0
1254	0
1255	8130
1256	9120
1257	14480
1258	8330
1259	3710
1260	3320
1261	3100
1262	2620
1263	2310
1264	2300
1265	2770
1266	5360
1267	11340
1268	7860
1269	4190
1270	4350
1271	0
1272	0
1273	0
1274	0
1275	0
1276	0
1277	0
1278	0
1279	8350
1280	9230
1281	15080
1282	9150
1283	4380
1284	4140
1285	3690
1286	3340
1287	3290
1288	3300
1289	3700
1290	6420
1291	13010
1292	8790
1293	4570
1294	4650
1295	0
1296	0
1297	0
1298	0
1299	0
1300	0
1301	0
1302	0
1303	9350
1304	10720
1305	17530
1306	10170
1307	4420
1308	3630
1309	3140
1310	2850
1311	2550
1312	2440
1313	2590
1314	5300
1315	11420
1316	8000
1317	4190
1318	4240
1319	0
1320	0
1321	0
1322	0
1323	0
1324	0
1325	0
1326	0
1327	8660
1328	10230
1329	17320
1330	10590
1331	5180
1332	4600
1333	4140
1334	3530
1335	2950
1336	2740
1337	2950
1338	5670
1339	11690
1340	7840
1341	4090
1342	4200
1343	10
1344	0
1345	0
1346	0
1347	0
1348	0
1349	0
1350	0
1351	8050
1352	8850
1353	13810
1354	8470
1355	4280
1356	3620
1357	2850
1358	2230
1359	1790
1360	1520
1361	1520
1362	2970
1363	6850
1364	5440
1365	3080
1366	3140
1367	0
1368	0
1369	0
1370	0
1371	0
1372	0
1373	0
1374	0
1375	6990
1376	8370
1377	13700
1378	7280
1379	2800
1380	2310
1381	2260
1382	2150
1383	1840
1384	1400
1385	1280
1386	2750
1387	6760
1388	5210
1389	2800
1390	2940
1391	0
1392	0
1393	0
1394	0
1395	0
1396	0
1397	0
1398	0
1399	5350
1400	6130
1401	9980
1402	5880
1403	2640
1404	1980
1405	1550
1406	1490
1407	1500
1408	1370
1409	1250
1410	2750
1411	6460
1412	4580
1413	2480
1414	2620
1415	0
1416	0
1417	0
1418	0
1419	0
1420	0
1421	0
1422	0
1423	4840
1424	5550
1425	9340
1426	6060
1427	3340
1428	3190
1429	2960
1430	2760
1431	2570
1432	2410
1433	2370
1434	3730
1435	7020
1436	4890
1437	2860
1438	2910
1439	0
1440	0
1441	0
1442	0
1443	0
1444	0
1445	0
1446	0
1447	5170
1448	5610
1449	8970
1450	5360
1451	2230
1452	2070
1453	2220
1454	2420
1455	2620
1456	2700
1457	2660
1458	4070
1459	7790
1460	5480
1461	3110
1462	3190
1463	0
1464	0
1465	0
1466	0
1467	0
1468	0
1469	0
1470	0
1471	5670
1472	6260
1473	10240
1474	6980
1475	4020
1476	3790
1477	3640
1478	3570
1479	3480
1480	3470
1481	3520
1482	5120
1483	9130
1484	6280
1485	3640
1486	3670
1487	0
1488	0
1489	0
1490	0
1491	0
1492	0
1493	0
1494	0
1495	6630
1496	7040
1497	10480
1498	5820
1499	2380
1500	2040
1501	1880
1502	1470
1503	1250
1504	1140
1505	1230
1506	2800
1507	6630
1508	4670
1509	2430
1510	2550
1511	0
1512	0
1513	0
1514	0
1515	0
1516	0
1517	0
1518	0
1519	4600
1520	5240
1521	8710
1522	5590
1523	2890
1524	2590
1525	2280
1526	1860
1527	1530
1528	1210
1529	1100
1530	2210
1531	5030
1532	3700
1533	2050
1534	2100
1535	0
1536	0
1537	0
1538	0
1539	0
1540	0
1541	0
1542	0
1543	4470
1544	5390
1545	9060
1546	5450
1547	2820
1548	2730
1549	2740
1550	2810
1551	2950
1552	2920
1553	2910
1554	4620
1555	8630
1556	5780
1557	3220
1558	3240
1559	0
1560	0
1561	0
1562	0
1563	0
1564	0
1565	0
1566	0
1567	6570
1568	7440
1569	11520
1570	6190
1571	2400
1572	1870
1573	1480
1574	1260
1575	1080
1576	1040
1577	1130
1578	2760
1579	6930
1580	4660
1581	2210
1582	2310
1583	0
1584	0
1585	0
1586	0
1587	0
1588	0
1589	0
1590	0
1591	5470
1592	6720
1593	11060
1594	5780
1595	1920
1596	1610
1597	1470
1598	1300
1599	1170
1600	1070
1601	1040
1602	2870
1603	7610
1604	4940
1605	2060
1606	2340
1607	0
1608	0
1609	0
1610	0
1611	0
1612	0
1613	0
1614	0
1615	5560
1616	7110
1617	12220
1618	6440
1619	2120
1620	1650
1621	1440
1622	1300
1623	1180
1624	1100
1625	1090
1626	2880
1627	7730
1628	5240
1629	2340
1630	2670
1631	0
1632	0
1633	0
1634	0
1635	0
1636	0
1637	0
1638	0
1639	5780
1640	6980
1641	11720
1642	6390
1643	2590
1644	2100
1645	1570
1646	1190
1647	1090
1648	1240
1649	1420
1650	2850
1651	6230
1652	4380
1653	2380
1654	2500
1655	0
1656	0
1657	0
1658	0
1659	0
1660	0
1661	0
1662	0
1663	4730
1664	5470
1665	9150
1666	5680
1667	2990
1668	2760
1669	2370
1670	1970
1671	1700
1672	1590
1673	1660
1674	2800
1675	5860
1676	4440
1677	2640
1678	2830
1679	0
1680	0
1681	0
1682	0
1683	0
1684	0
1685	0
1686	0
1687	6300
1688	7510
1689	11940
1690	5850
1691	1920
1692	1370
1693	1120
1694	950
1695	810
1696	690
1697	650
1698	1410
1699	4050
1700	3320
1701	1580
1702	1860
1703	0
1704	0
1705	0
1706	0
1707	0
1708	0
1709	0
1710	0
1711	5110
1712	6470
1713	10530
1714	4860
1715	1350
1716	1020
1717	910
1718	790
1719	620
1720	570
1721	550
1722	1140
1723	3210
1724	2780
1725	1050
1726	1260
1727	0
1728	0
1729	0
1730	0
1731	0
1732	0
1733	0
1734	0
1735	3850
1736	5200
1737	8620
1738	3600
1739	950
1740	790
1741	660
1742	560
1743	470
1744	430
1745	400
1746	860
1747	2610
1748	2460
1749	800
1750	910
1751	0
1752	0
1753	0
1754	0
1755	0
1756	0
1757	0
1758	0
1759	3670
1760	5100
1761	8650
1762	3530
1763	850
1764	720
1765	600
1766	460
1767	360
1768	310
1769	300
1770	580
1771	2040
1772	2450
1773	730
1774	810
1775	0
1776	0
1777	0
1778	0
1779	0
1780	0
1781	0
1782	0
1783	2350
1784	3280
1785	6570
1786	3140
1787	680
1788	470
1789	390
1790	360
1791	300
1792	270
1793	320
1794	480
1795	1040
1796	1260
1797	430
1798	450
1799	0
1800	0
1801	0
1802	0
1803	0
1804	0
1805	0
1806	0
1807	1180
1808	2300
1809	5310
1810	3120
1811	1210
1812	1240
1813	1220
1814	1120
1815	1040
1816	1040
1817	1010
1818	1750
1819	3830
1820	2480
1821	1270
1822	1470
1823	0
1824	0
1825	0
1826	0
1827	0
1828	0
1829	0
1830	0
1831	3350
1832	3890
1833	6350
1834	3760
1835	1910
1836	1720
1837	1460
1838	1000
1839	680
1840	590
1841	550
1842	1290
1843	3420
1844	2610
1845	1280
1846	1290
1847	0
1848	0
1849	0
1850	0
1851	0
1852	0
1853	0
1854	0
1855	3140
1856	3890
1857	6520
1858	3180
1859	880
1860	750
1861	650
1862	560
1863	480
1864	430
1865	390
1866	940
1867	2490
1868	2250
1869	810
1870	970
1871	0
1872	0
1873	0
1874	0
1875	0
1876	0
1877	0
1878	0
1879	3550
1880	4860
1881	8830
1882	4030
1883	890
1884	730
1885	640
1886	500
1887	380
1888	320
1889	300
1890	470
1891	1300
1892	1990
1893	630
1894	720
1895	0
1896	0
1897	0
1898	0
1899	0
1900	0
1901	0
1902	0
1903	2260
1904	3770
1905	7140
1906	2800
1907	570
1908	490
1909	520
1910	550
1911	560
1912	570
1913	610
1914	1490
1915	3830
1916	2500
1917	1550
1918	1670
1919	0
1920	0
1921	0
1922	0
1923	0
1924	0
1925	0
1926	0
1927	2510
1928	3230
1929	5850
1930	3280
1931	1190
1932	1050
1933	980
1934	730
1935	750
1936	810
1937	880
1938	1930
1939	4240
1940	2810
1941	1450
1942	1490
1943	0
1944	0
1945	0
1946	0
1947	0
1948	0
1949	0
1950	0
1951	3020
1952	3660
1953	6420
1954	3450
1955	890
1956	740
1957	700
1958	590
1959	540
1960	560
1961	640
1962	1730
1963	4650
1964	3020
1965	1260
1966	1390
1967	0
1968	0
1969	0
1970	0
1971	0
1972	0
1973	0
1974	0
1975	3810
1976	4830
1977	8810
1978	5060
1979	1890
1980	1260
1981	890
1982	770
1983	770
1984	870
1985	1010
1986	2390
1987	5960
1988	4170
1989	2110
1990	2300
1991	0
1992	0
1993	0
1994	0
1995	0
1996	0
1997	0
1998	0
1999	5310
2000	6140
2001	9900
2002	5240
2003	2200
2004	1890
2005	1490
2006	1160
2007	1100
2008	940
2009	940
2010	2480
2011	6540
2012	4430
2013	2140
2014	2370
2015	10
2016	0
2017	0
2018	0
2019	0
2020	0
2021	0
2022	0
2023	5050
2024	6140
2025	10510
2026	5910
2027	2300
2028	1890
2029	1410
2030	1160
2031	1020
2032	990
2033	1030
2034	2660
2035	7250
2036	4930
2037	2310
2038	2580
2039	0
2040	0
2041	0
2042	0
2043	0
2044	0
2045	0
2046	0
2047	5740
2048	6910
2049	11860
2050	6640
2051	2240
2052	1630
2053	1500
2054	1330
2055	1380
2056	1390
2057	1410
2058	3270
2059	8430
2060	5510
2061	2600
2062	2820
2063	0
2064	0
2065	0
2066	0
2067	0
2068	0
2069	0
2070	0
2071	6120
2072	7060
2073	11700
2074	6230
2075	2010
2076	1540
2077	1350
2078	1220
2079	1160
2080	1060
2081	980
2082	2770
2083	7520
2084	4910
2085	2100
2086	2440
2087	0
2088	0
2089	0
2090	0
2091	0
2092	0
2093	0
2094	0
2095	6190
2096	7040
2097	11550
2098	5760
2099	1670
2100	1420
2101	1270
2102	1150
2103	1060
2104	940
2105	880
2106	2310
2107	6320
2108	4320
2109	1570
2110	1970
2111	0
2112	0
2113	0
2114	0
2115	0
2116	0
2117	0
2118	0
2119	5000
2120	5800
2121	9460
2122	4450
2123	1290
2124	1080
2125	960
2126	860
2127	700
2128	580
2129	540
2130	970
2131	2610
2132	2610
2133	900
2134	1030
2135	0
2136	0
2137	0
2138	0
2139	0
2140	0
2141	0
2142	0
2143	2660
2144	3260
2145	5880
2146	2820
2147	790
2148	710
2149	630
2150	510
2151	410
2152	340
2153	320
2154	340
2155	850
2156	1630
2157	500
2158	550
2159	0
2160	0
2161	0
2162	0
2163	0
2164	0
2165	0
2166	0
2167	1500
2168	2630
2169	5800
2170	3000
2171	660
2172	520
2173	460
2174	380
2175	290
2176	260
2177	250
2178	260
2179	580
2180	1470
2181	420
2182	480
2183	0
2184	0
2185	0
2186	0
2187	0
2188	0
2189	0
2190	0
2191	1590
2192	2900
2193	5810
2194	2470
2195	460
2196	380
2197	310
2198	260
2199	200
2200	190
2201	180
2202	190
2203	350
2204	960
2205	230
2206	250
2207	0
2208	0
2209	0
2210	0
2211	0
2212	0
2213	0
2214	0
2215	1000
2216	1840
2217	3840
2218	1910
2219	310
2220	250
2221	220
2222	170
2223	140
2224	130
2225	120
2226	110
2227	210
2228	640
2229	140
2230	150
2231	0
2232	0
2233	0
2234	0
2235	0
2236	0
2237	0
2238	0
2239	440
2240	1110
2241	2760
2242	1750
2243	240
2244	190
2245	170
2246	130
2247	140
2248	130
2249	150
2250	400
2251	1200
2252	1360
2253	260
2254	330
2255	0
2256	0
2257	0
2258	0
2259	0
2260	0
2261	0
2262	0
2263	1020
2264	1910
2265	4340
2266	2350
2267	610
2268	610
2269	590
2270	460
2271	380
2272	310
2273	270
2274	750
2275	2070
2276	1680
2277	480
2278	700
2279	0
2280	0
2281	0
2282	0
2283	0
2284	0
2285	0
2286	0
2287	2110
2288	2970
2289	5760
2290	3760
2291	1340
2292	780
2293	700
2294	590
2295	540
2296	580
2297	740
2298	1910
2299	5030
2300	3280
2301	1330
2302	1540
2303	0
2304	0
2305	0
2306	0
2307	0
2308	0
2309	0
2310	0
2311	3620
2312	4710
2313	8790
2314	5390
2315	2450
2316	2150
2317	1830
2318	1310
2319	850
2320	820
2321	750
2322	2100
2323	6060
2324	4280
2325	1930
2326	2030
2327	0
2328	0
2329	0
2330	0
2331	0
2332	0
2333	0
2334	0
2335	4270
2336	5000
2337	8680
2338	4820
2339	1870
2340	1970
2341	1960
2342	1770
2343	1250
2344	1100
2345	1360
2346	3190
2347	6930
2348	4520
2349	2280
2350	2400
2351	0
2352	0
2353	0
2354	0
2355	0
2356	0
2357	0
2358	0
2359	5180
2360	6040
2361	9680
2362	5260
2363	2260
2364	1870
2365	1710
2366	1400
2367	1240
2368	1150
2369	1130
2370	2260
2371	6000
2372	4170
2373	2090
2374	2310
2375	10
2376	0
2377	0
2378	0
2379	0
2380	0
2381	0
2382	0
2383	4440
2384	5340
2385	9460
2386	6060
2387	3060
2388	2880
2389	2780
2390	2800
2391	2810
2392	2810
2393	2800
2394	4210
2395	7820
2396	5290
2397	2930
2398	2950
2399	0
2400	0
2401	0
2402	0
2403	0
2404	0
2405	0
2406	0
2407	5240
2408	5610
2409	8810
2410	5400
2411	2770
2412	2460
2413	2070
2414	1740
2415	1200
2416	850
2417	780
2418	1580
2419	3990
2420	3100
2421	1790
2422	2050
2423	10
2424	0
2425	0
2426	0
2427	0
2428	0
2429	0
2430	0
2431	5090
2432	5720
2433	9460
2434	5830
2435	2790
2436	2090
2437	1530
2438	1360
2439	1160
2440	1150
2441	1100
2442	2380
2443	5760
2444	3890
2445	2030
2446	2150
2447	0
2448	0
2449	0
2450	0
2451	0
2452	0
2453	0
2454	0
2455	4180
2456	4770
2457	7910
2458	4960
2459	2500
2460	2200
2461	1790
2462	1390
2463	1250
2464	890
2465	890
2466	2090
2467	5210
2468	3580
2469	1830
2470	2040
2471	0
2472	0
2473	0
2474	0
2475	0
2476	0
2477	0
2478	0
2479	5070
2480	5210
2481	8130
2482	4250
2483	1290
2484	990
2485	910
2486	800
2487	660
2488	590
2489	550
2490	1110
2491	2570
2492	2000
2493	690
2494	810
2495	0
2496	0
2497	0
2498	0
2499	0
2500	0
2501	0
2502	0
2503	3460
2504	4160
2505	7340
2506	3600
2507	910
2508	670
2509	590
2510	550
2511	530
2512	520
2513	500
2514	1160
2515	3000
2516	2090
2517	790
2518	980
2519	0
2520	0
2521	0
2522	0
2523	0
2524	0
2525	0
2526	0
2527	3060
2528	3880
2529	7010
2530	3800
2531	1190
2532	1200
2533	1450
2534	1030
2535	780
2536	670
2537	670
2538	1980
2539	5490
2540	3670
2541	1550
2542	1610
2543	0
2544	0
2545	0
2546	0
2547	0
2548	0
2549	0
2550	0
2551	3500
2552	4290
2553	7750
2554	4870
2555	2440
2556	2340
2557	2280
2558	2260
2559	2220
2560	2150
2561	2150
2562	3450
2563	6730
2564	4610
2565	2490
2566	2480
2567	0
2568	0
2569	0
2570	0
2571	0
2572	0
2573	0
2574	0
2575	4490
2576	4900
2577	7880
2578	5150
2579	2780
2580	2580
2581	2430
2582	2360
2583	2290
2584	2270
2585	2330
2586	3360
2587	5990
2588	4250
2589	2530
2590	2560
2591	0
2592	0
2593	0
2594	0
2595	0
2596	0
2597	0
2598	0
2599	4840
2600	5370
2601	8900
2602	5850
2603	3000
2604	2610
2605	2510
2606	2400
2607	2150
2608	2020
2609	2210
2610	3730
2611	7450
2612	5170
2613	2820
2614	2860
2615	0
2616	0
2617	0
2618	0
2619	0
2620	0
2621	0
2622	0
2623	5460
2624	5880
2625	8960
2626	5160
2627	2670
2628	2540
2629	2260
2630	1920
2631	1490
2632	1080
2633	940
2634	2160
2635	5580
2636	3950
2637	2130
2638	2380
2639	0
2640	0
2641	0
2642	0
2643	0
2644	0
2645	0
2646	10
2647	4720
2648	5070
2649	8040
2650	4440
2651	1730
2652	1140
2653	790
2654	680
2655	640
2656	580
2657	530
2658	970
2659	2160
2660	1710
2661	750
2662	840
2663	0
2664	0
2665	0
2666	0
2667	0
2668	0
2669	0
2670	0
2671	2910
2672	3720
2673	6880
2674	3930
2675	1530
2676	1140
2677	710
2678	580
2679	510
2680	460
2681	470
2682	1040
2683	2780
2684	2040
2685	920
2686	1100
2687	0
2688	0
2689	0
2690	0
2691	0
2692	0
2693	0
2694	0
2695	3060
2696	3250
2697	4830
2698	1910
2699	480
2700	390
2701	340
2702	280
2703	220
2704	200
2705	180
2706	170
2707	170
2708	160
2709	210
2710	240
2711	0
2712	0
2713	0
2714	0
2715	0
2716	0
2717	0
2718	0
2719	1000
2720	1190
2721	2180
2722	980
2723	250
2724	190
2725	140
2726	100
2727	80
2728	70
2729	70
2730	50
2731	50
2732	40
2733	60
2734	60
2735	0
2736	0
2737	0
2738	0
2739	0
2740	0
2741	0
2742	0
2743	340
2744	1200
2745	3480
2746	1990
2747	250
2748	200
2749	140
2750	120
2751	80
2752	90
2753	100
2754	210
2755	600
2756	820
2757	170
2758	190
2759	0
2760	0
2761	0
2762	0
2763	0
2764	0
2765	0
2766	0
2767	670
2768	1420
2769	3500
2770	1760
2771	260
2772	220
2773	190
2774	200
2775	190
2776	210
2777	210
2778	600
2779	1620
2780	1180
2781	290
2782	330
2783	0
2784	0
2785	0
2786	0
2787	0
2788	0
2789	0
2790	0
2791	1150
2792	1720
2793	3240
2794	1370
2795	260
2796	190
2797	160
2798	120
2799	110
2800	110
2801	150
2802	780
2803	2430
2804	1770
2805	280
2806	300
2807	0
2808	0
2809	0
2810	0
2811	0
2812	0
2813	0
2814	0
2815	1260
2816	2250
2817	5110
2818	2780
2819	730
2820	730
2821	710
2822	630
2823	540
2824	520
2825	460
2826	1300
2827	3570
2828	2260
2829	890
2830	1110
2831	0
2832	0
2833	0
2834	0
2835	0
2836	0
2837	0
2838	0
2839	3110
2840	3590
2841	5810
2842	2450
2843	470
2844	440
2845	510
2846	630
2847	670
2848	680
2849	710
2850	1600
2851	3790
2852	2380
2853	1080
2854	1170
2855	0
2856	0
2857	0
2858	0
2859	0
2860	0
2861	0
2862	0
2863	2810
2864	2580
2865	3500
2866	1390
2867	440
2868	390
2869	320
2870	260
2871	210
2872	180
2873	160
2874	160
2875	220
2876	440
2877	220
2878	250
2879	0
2880	0
2881	0
2882	0
2883	0
2884	0
2885	0
2886	0
2887	730
2888	1100
2889	2250
2890	890
2891	220
2892	190
2893	160
2894	110
2895	80
2896	80
2897	110
2898	740
2899	2570
2900	1680
2901	240
2902	240
2903	0
2904	0
2905	0
2906	0
2907	0
2908	0
2909	0
2910	0
2911	640
2912	1380
2913	3460
2914	1770
2915	310
2916	300
2917	300
2918	320
2919	310
2920	300
2921	350
2922	1100
2923	3250
2924	2110
2925	690
2926	740
2927	0
2928	0
2929	0
2930	0
2931	0
2932	0
2933	0
2934	0
2935	1870
2936	2680
2937	5350
2938	3320
2939	1480
2940	1260
2941	930
2942	760
2943	730
2944	690
2945	720
2946	1640
2947	4000
2948	2610
2949	1240
2950	1340
2951	0
2952	0
2953	0
2954	0
2955	0
2956	0
2957	0
2958	0
2959	2790
2960	3390
2961	5640
2962	2770
2963	620
2964	510
2965	480
2966	440
2967	400
2968	390
2969	370
2970	1070
2971	2790
2972	2030
2973	600
2974	770
2975	0
2976	0
2977	0
2978	0
2979	0
2980	0
2981	0
2982	0
2983	2600
2984	3680
2985	7350
2986	4460
2987	1760
2988	1490
2989	1570
2990	1550
2991	1440
2992	1330
2993	1410
2994	2630
2995	5910
2996	3950
2997	2070
2998	2340
2999	0
3000	0
3001	0
3002	0
3003	0
3004	0
3005	0
3006	0
3007	4310
3008	3960
3009	6140
3010	3420
3011	1150
3012	700
3013	650
3014	630
3015	720
3016	970
3017	1140
3018	2290
3019	5170
3020	3270
3021	1520
3022	1710
3023	0
3024	0
3025	0
3026	0
3027	0
3028	0
3029	0
3030	0
3031	3670
3032	4000
3033	6340
3034	2820
3035	670
3036	520
3037	450
3038	410
3039	340
3040	270
3041	260
3042	250
3043	300
3044	600
3045	350
3046	370
3047	0
3048	0
3049	0
3050	0
3051	0
3052	0
3053	0
3054	0
3055	970
3056	1200
3057	2200
3058	960
3059	290
3060	220
3061	170
3062	140
3063	120
3064	100
3065	100
3066	100
3067	100
3068	130
3069	120
3070	130
3071	0
3072	0
3073	0
3074	0
3075	0
3076	0
3077	0
3078	0
3079	360
3080	290
3081	230
3082	190
3083	90
3084	60
3085	50
3086	40
3087	30
3088	20
3089	10
3090	0
3091	0
3092	0
3093	0
3094	0
3095	0
3096	0
3097	0
3098	0
3099	0
3100	0
3101	0
3102	0
3103	80
3104	300
3105	510
3106	410
3107	0
3108	0
3109	0
3110	0
3111	0
3112	0
3113	0
3114	0
3115	0
3116	80
3117	0
3118	0
3119	0
3120	0
3121	0
3122	0
3123	0
3124	0
3125	0
3126	0
3127	40
3128	430
3129	1160
3130	770
3131	0
3132	0
3133	0
3134	0
3135	0
3136	0
3137	0
3138	220
3139	700
3140	880
3141	20
3142	20
3143	0
3144	0
3145	0
3146	0
3147	0
3148	0
3149	0
3150	0
3151	80
3152	590
3153	1980
3154	1240
3155	50
3156	40
3157	20
3158	10
3159	0
3160	0
3161	0
3162	10
3163	100
3164	630
3165	40
3166	60
3167	0
3168	0
3169	0
3170	0
3171	0
3172	0
3173	0
3174	0
3175	200
3176	950
3177	2680
3178	1440
3179	80
3180	40
3181	20
3182	10
3183	0
3184	0
3185	0
3186	0
3187	0
3188	130
3189	20
3190	20
3191	0
3192	0
3193	0
3194	0
3195	0
3196	0
3197	0
3198	0
3199	80
3200	380
3201	930
3202	830
3203	30
3204	10
3205	20
3206	10
3207	0
3208	10
3209	0
3210	0
3211	60
3212	460
3213	20
3214	40
3215	0
3216	0
3217	0
3218	0
3219	0
3220	0
3221	0
3222	0
3223	110
3224	520
3225	1160
3226	640
3227	10
3228	0
3229	0
3230	0
3231	0
3232	0
3233	0
3234	0
3235	0
3236	100
3237	0
3238	20
3239	0
3240	0
3241	0
3242	0
3243	0
3244	0
3245	0
3246	0
3247	80
3248	130
3249	80
3250	60
3251	0
3252	0
3253	0
3254	0
3255	0
3256	0
3257	0
3258	0
3259	0
3260	0
3261	0
3262	0
3263	0
3264	0
3265	0
3266	0
3267	0
3268	0
3269	0
3270	0
3271	10
3272	0
3273	0
3274	0
3275	0
3276	0
3277	0
3278	0
3279	0
3280	0
3281	0
3282	0
3283	0
3284	0
3285	0
3286	0
3287	0
3288	0
3289	0
3290	0
3291	0
3292	0
3293	0
3294	0
3295	0
3296	0
3297	0
3298	0
3299	0
3300	0
3301	0
3302	0
3303	0
3304	0
3305	0
3306	0
3307	30
3308	290
3309	0
3310	0
3311	0
3312	0
3313	0
3314	0
3315	0
3316	0
3317	0
3318	0
3319	0
3320	190
3321	370
3322	340
3323	0
3324	0
3325	0
3326	0
3327	0
3328	0
3329	0
3330	0
3331	40
3332	420
3333	0
3334	0
3335	0
3336	0
3337	0
3338	0
3339	0
3340	0
3341	0
3342	0
3343	40
3344	380
3345	730
3346	460
3347	0
3348	0
3349	0
3350	0
3351	0
3352	0
3353	0
3354	0
3355	0
3356	140
3357	0
3358	0
3359	0
3360	0
3361	0
3362	0
3363	0
3364	0
3365	0
3366	0
3367	80
3368	790
3369	1920
3370	890
3371	0
3372	0
3373	0
3374	0
3375	0
3376	0
3377	0
3378	60
3379	230
3380	670
3381	0
3382	10
3383	0
3384	0
3385	0
3386	0
3387	0
3388	0
3389	0
3390	0
3391	100
3392	680
3393	1890
3394	770
3395	10
3396	0
3397	0
3398	0
3399	0
3400	0
3401	0
3402	0
3403	0
3404	220
3405	0
3406	0
3407	0
3408	0
3409	0
3410	0
3411	0
3412	0
3413	0
3414	0
3415	80
3416	260
3417	530
3418	340
3419	0
3420	0
3421	0
3422	0
3423	0
3424	0
3425	0
3426	0
3427	0
3428	50
3429	0
3430	0
3431	0
3432	0
3433	0
3434	0
3435	0
3436	0
3437	0
3438	0
3439	10
3440	10
3441	90
3442	210
3443	0
3444	0
3445	0
3446	0
3447	0
3448	0
3449	0
3450	0
3451	0
3452	0
3453	0
3454	0
3455	0
3456	0
3457	0
3458	0
3459	0
3460	0
3461	0
3462	0
3463	0
3464	0
3465	0
3466	0
3467	0
3468	0
3469	0
3470	0
3471	0
3472	0
3473	0
3474	0
3475	0
3476	0
3477	0
3478	0
3479	0
3480	0
3481	0
3482	0
3483	0
3484	0
3485	0
3486	0
3487	0
3488	0
3489	10
3490	170
3491	0
3492	0
3493	0
3494	0
3495	0
3496	0
3497	0
3498	0
3499	0
3500	130
3501	0
3502	0
3503	0
3504	0
3505	0
3506	0
3507	0
3508	0
3509	0
3510	0
3511	0
3512	150
3513	400
3514	280
3515	0
3516	0
3517	0
3518	0
3519	0
3520	0
3521	0
3522	0
3523	0
3524	80
3525	0
3526	0
3527	0
3528	0
3529	0
3530	0
3531	0
3532	0
3533	0
3534	0
3535	0
3536	10
3537	0
3538	0
3539	0
3540	0
3541	0
3542	0
3543	0
3544	0
3545	0
3546	0
3547	0
3548	0
3549	0
3550	0
3551	0
3552	0
3553	0
3554	0
3555	0
3556	0
3557	0
3558	0
3559	0
3560	0
3561	20
3562	180
3563	0
3564	0
3565	0
3566	0
3567	0
3568	0
3569	0
3570	0
3571	20
3572	220
3573	0
3574	0
3575	0
3576	0
3577	0
3578	0
3579	0
3580	0
3581	0
3582	0
3583	0
3584	350
3585	1190
3586	750
3587	0
3588	0
3589	0
3590	0
3591	0
3592	0
3593	0
3594	0
3595	100
3596	340
3597	0
3598	0
3599	0
3600	0
3601	0
3602	0
3603	0
3604	0
3605	0
3606	0
3607	50
3608	630
3609	2160
3610	1200
3611	50
3612	40
3613	30
3614	40
3615	30
3616	40
3617	50
3618	600
3619	2190
3620	1290
3621	100
3622	130
3623	0
3624	0
3625	0
3626	0
3627	0
3628	0
3629	0
3630	0
3631	1000
3632	1670
3633	3580
3634	1540
3635	180
3636	180
3637	150
3638	130
3639	110
3640	80
3641	60
3642	270
3643	690
3644	860
3645	110
3646	180
3647	0
3648	0
3649	0
3650	0
3651	0
3652	0
3653	0
3654	0
3655	770
3656	1090
3657	2140
3658	780
3659	130
3660	80
3661	60
3662	40
3663	30
3664	20
3665	10
3666	10
3667	0
3668	10
3669	20
3670	50
3671	0
3672	0
3673	0
3674	0
3675	0
3676	0
3677	0
3678	0
3679	170
3680	170
3681	120
3682	20
3683	0
3684	0
3685	0
3686	0
3687	0
3688	0
3689	0
3690	0
3691	0
3692	0
3693	0
3694	0
3695	0
3696	0
3697	0
3698	0
3699	0
3700	0
3701	0
3702	0
3703	0
3704	0
3705	0
3706	0
3707	0
3708	0
3709	0
3710	0
3711	0
3712	0
3713	0
3714	0
3715	0
3716	0
3717	0
3718	0
3719	0
3720	0
3721	0
3722	0
3723	0
3724	0
3725	0
3726	0
3727	0
3728	0
3729	0
3730	0
3731	0
3732	0
3733	0
3734	0
3735	0
3736	0
3737	0
3738	0
3739	0
3740	0
3741	0
3742	0
3743	0
3744	0
3745	0
3746	0
3747	0
3748	0
3749	0
3750	0
3751	0
3752	0
3753	0
3754	0
3755	0
3756	0
3757	0
3758	0
3759	0
3760	0
3761	0
3762	0
3763	0
3764	0
3765	0
3766	0
3767	0
3768	0
3769	0
3770	0
3771	0
3772	0
3773	0
3774	0
3775	0
3776	50
3777	120
3778	310
3779	0
3780	0
3781	0
3782	0
3783	0
3784	0
3785	0
3786	0
3787	0
3788	70
3789	0
3790	0
3791	0
3792	0
3793	0
3794	0
3795	0
3796	0
3797	0
3798	0
3799	0
3800	120
3801	320
3802	320
3803	0
3804	0
3805	0
3806	0
3807	0
3808	0
3809	0
3810	0
3811	0
3812	40
3813	0
3814	0
3815	0
3816	0
3817	0
3818	0
3819	0
3820	0
3821	0
3822	0
3823	0
3824	20
3825	40
3826	100
3827	0
3828	0
3829	0
3830	0
3831	0
3832	0
3833	0
3834	0
3835	0
3836	0
3837	0
3838	0
3839	0
3840	0
3841	0
3842	0
3843	0
3844	0
3845	0
3846	0
3847	0
3848	0
3849	0
3850	0
3851	0
3852	0
3853	0
3854	0
3855	0
3856	0
3857	0
3858	0
3859	0
3860	0
3861	0
3862	0
3863	0
3864	0
3865	0
3866	0
3867	0
3868	0
3869	0
3870	0
3871	0
3872	0
3873	0
3874	0
3875	0
3876	0
3877	0
3878	0
3879	0
3880	0
3881	0
3882	0
3883	0
3884	0
3885	0
3886	0
3887	0
3888	0
3889	0
3890	0
3891	0
3892	0
3893	0
3894	0
3895	0
3896	0
3897	0
3898	0
3899	0
3900	0
3901	0
3902	0
3903	0
3904	0
3905	0
3906	0
3907	0
3908	0
3909	0
3910	0
3911	0
3912	0
3913	0
3914	0
3915	0
3916	0
3917	0
3918	0
3919	0
3920	0
3921	0
3922	0
3923	0
3924	0
3925	0
3926	0
3927	0
3928	0
3929	0
3930	0
3931	0
3932	0
3933	0
3934	0
3935	0
3936	0
3937	0
3938	0
3939	0
3940	0
3941	0
3942	0
3943	0
3944	0
3945	0
3946	10
3947	0
3948	0
3949	0
3950	0
3951	0
3952	0
3953	0
3954	0
3955	0
3956	0
3957	0
3958	0
3959	0
3960	0
3961	0
3962	0
3963	0
3964	0
3965	0
3966	0
3967	0
3968	0
3969	0
3970	10
3971	0
3972	0
3973	0
3974	0
3975	0
3976	0
3977	0
3978	0
3979	0
3980	0
3981	0
3982	0
3983	0
3984	0
3985	0
3986	0
3987	0
3988	0
3989	0
3990	0
3991	0
3992	0
3993	0
3994	10
3995	0
3996	0
3997	0
3998	0
3999	0
4000	0
4001	0
4002	0
4003	0
4004	0
4005	0
4006	0
4007	0
4008	0
4009	0
4010	0
4011	0
4012	0
4013	0
4014	0
4015	0
4016	0
4017	0
4018	0
4019	0
4020	0
4021	0
4022	0
4023	0
4024	0
4025	0
4026	0
4027	0
4028	0
4029	0
4030	0
4031	0
4032	0
4033	0
4034	0
4035	0
4036	0
4037	0
4038	0
4039	0
4040	0
4041	0
4042	0
4043	0
4044	0
4045	0
4046	0
4047	0
4048	0
4049	0
4050	0
4051	0
4052	0
4053	0
4054	0
4055	0
4056	0
4057	0
4058	0
4059	0
4060	0
4061	0
4062	0
4063	0
4064	0
4065	0
4066	0
4067	0
4068	0
4069	0
4070	0
4071	0
4072	0
4073	0
4074	0
4075	0
4076	0
4077	0
4078	0
4079	0
4080	0
4081	0
4082	0
4083	0
4084	0
4085	0
4086	0
4087	0
4088	0
4089	0
4090	80
4091	0
4092	0
4093	0
4094	0
4095	0
4096	0
4097	0
4098	0
4099	0
4100	0
4101	0
4102	0
4103	0
4104	0
4105	0
4106	0
4107	0
4108	0
4109	0
4110	0
4111	0
4112	50
4113	210
4114	410
4115	0
4116	0
4117	0
4118	0
4119	0
4120	0
4121	0
4122	0
4123	30
4124	190
4125	0
4126	0
4127	0
4128	0
4129	0
4130	0
4131	0
4132	0
4133	0
4134	0
4135	0
4136	610
4137	2080
4138	1100
4139	0
4140	0
4141	0
4142	0
4143	0
4144	0
4145	0
4146	90
4147	390
4148	660
4149	0
4150	0
4151	0
4152	0
4153	0
4154	0
4155	0
4156	0
4157	0
4158	0
4159	0
4160	820
4161	2670
4162	1270
4163	0
4164	0
4165	0
4166	0
4167	0
4168	0
4169	0
4170	50
4171	610
4172	1150
4173	0
4174	0
4175	0
4176	0
4177	0
4178	0
4179	0
4180	0
4181	0
4182	0
4183	60
4184	890
4185	2460
4186	1150
4187	10
4188	0
4189	0
4190	0
4191	0
4192	0
4193	0
4194	100
4195	430
4196	730
4197	0
4198	20
4199	0
4200	0
4201	0
4202	0
4203	0
4204	0
4205	0
4206	0
4207	100
4208	760
4209	1960
4210	960
4211	40
4212	30
4213	20
4214	20
4215	0
4216	0
4217	0
4218	200
4219	750
4220	870
4221	30
4222	60
4223	0
4224	0
4225	0
4226	0
4227	0
4228	0
4229	0
4230	0
4231	230
4232	1070
4233	2900
4234	1290
4235	70
4236	60
4237	40
4238	20
4239	0
4240	0
4241	0
4242	0
4243	80
4244	440
4245	20
4246	40
4247	0
4248	0
4249	0
4250	0
4251	0
4252	0
4253	0
4254	0
4255	40
4256	30
4257	10
4258	0
4259	0
4260	0
4261	0
4262	0
4263	0
4264	0
4265	0
4266	0
4267	0
4268	0
4269	0
4270	0
4271	0
4272	0
4273	0
4274	0
4275	0
4276	0
4277	0
4278	0
4279	0
4280	80
4281	150
4282	190
4283	0
4284	0
4285	0
4286	0
4287	0
4288	0
4289	0
4290	0
4291	0
4292	0
4293	0
4294	0
4295	0
4296	0
4297	0
4298	0
4299	0
4300	0
4301	0
4302	0
4303	0
4304	80
4305	70
4306	40
4307	0
4308	0
4309	0
4310	0
4311	0
4312	0
4313	0
4314	0
4315	0
4316	0
4317	0
4318	0
4319	0
4320	0
4321	0
4322	0
4323	0
4324	0
4325	0
4326	0
4327	0
4328	40
4329	20
4330	60
4331	0
4332	0
4333	0
4334	0
4335	0
4336	0
4337	0
4338	0
4339	0
4340	0
4341	0
4342	0
4343	0
4344	0
4345	0
4346	0
4347	0
4348	0
4349	0
4350	0
4351	0
4352	80
4353	420
4354	570
4355	0
4356	0
4357	0
4358	0
4359	0
4360	0
4361	0
4362	0
4363	20
4364	150
4365	0
4366	0
4367	0
4368	0
4369	0
4370	0
4371	0
4372	0
4373	0
4374	0
4375	30
4376	350
4377	780
4378	280
4379	0
4380	0
4381	0
4382	0
4383	0
4384	0
4385	0
4386	0
4387	0
4388	0
4389	0
4390	0
4391	0
4392	0
4393	0
4394	0
4395	0
4396	0
4397	0
4398	0
4399	0
4400	20
4401	0
4402	10
4403	0
4404	0
4405	0
4406	0
4407	0
4408	0
4409	0
4410	0
4411	0
4412	0
4413	0
4414	0
4415	0
4416	0
4417	0
4418	0
4419	0
4420	0
4421	0
4422	0
4423	0
4424	80
4425	160
4426	300
4427	0
4428	0
4429	0
4430	0
4431	0
4432	0
4433	0
4434	0
4435	0
4436	0
4437	0
4438	0
4439	0
4440	0
4441	0
4442	0
4443	0
4444	0
4445	0
4446	0
4447	0
4448	20
4449	70
4450	210
4451	0
4452	0
4453	0
4454	0
4455	0
4456	0
4457	0
4458	0
4459	0
4460	0
4461	0
4462	0
4463	0
4464	0
4465	0
4466	0
4467	0
4468	0
4469	0
4470	0
4471	0
4472	90
4473	120
4474	160
4475	0
4476	0
4477	0
4478	0
4479	0
4480	0
4481	0
4482	0
4483	0
4484	20
4485	0
4486	0
4487	0
4488	0
4489	0
4490	0
4491	0
4492	0
4493	0
4494	0
4495	0
4496	70
4497	200
4498	130
4499	0
4500	0
4501	0
4502	0
4503	0
4504	0
4505	0
4506	0
4507	0
4508	0
4509	0
4510	0
4511	0
4512	0
4513	0
4514	0
4515	0
4516	0
4517	0
4518	0
4519	0
4520	0
4521	20
4522	50
4523	0
4524	0
4525	0
4526	0
4527	0
4528	0
4529	0
4530	0
4531	0
4532	0
4533	0
4534	0
4535	0
4536	0
4537	0
4538	0
4539	0
4540	0
4541	0
4542	0
4543	0
4544	30
4545	80
4546	200
4547	0
4548	0
4549	0
4550	0
4551	0
4552	0
4553	0
4554	0
4555	0
4556	70
4557	0
4558	0
4559	0
4560	0
4561	0
4562	0
4563	0
4564	0
4565	0
4566	0
4567	0
4568	270
4569	860
4570	790
4571	0
4572	0
4573	0
4574	0
4575	0
4576	0
4577	0
4578	120
4579	330
4580	610
4581	0
4582	0
4583	0
4584	0
4585	0
4586	0
4587	0
4588	0
4589	0
4590	0
4591	10
4592	350
4593	820
4594	360
4595	0
4596	0
4597	0
4598	0
4599	0
4600	0
4601	0
4602	0
4603	30
4604	240
4605	0
4606	0
4607	0
4608	0
4609	0
4610	0
4611	0
4612	0
4613	0
4614	0
4615	0
4616	100
4617	290
4618	340
4619	0
4620	0
4621	0
4622	0
4623	0
4624	0
4625	0
4626	0
4627	0
4628	0
4629	0
4630	0
4631	0
4632	0
4633	0
4634	0
4635	0
4636	0
4637	0
4638	0
4639	0
4640	0
4641	0
4642	30
4643	0
4644	0
4645	0
4646	0
4647	0
4648	0
4649	0
4650	0
4651	0
4652	0
4653	0
4654	0
4655	0
4656	0
4657	0
4658	0
4659	0
4660	0
4661	0
4662	0
4663	0
4664	0
4665	0
4666	0
4667	0
4668	0
4669	0
4670	0
4671	0
4672	0
4673	0
4674	0
4675	0
4676	0
4677	0
4678	0
4679	0
4680	0
4681	0
4682	0
4683	0
4684	0
4685	0
4686	0
4687	0
4688	0
4689	0
4690	0
4691	0
4692	0
4693	0
4694	0
4695	0
4696	0
4697	0
4698	0
4699	0
4700	0
4701	0
4702	0
4703	0
4704	0
4705	0
4706	0
4707	0
4708	0
4709	0
4710	0
4711	0
4712	0
4713	0
4714	0
4715	0
4716	0
4717	0
4718	0
4719	0
4720	0
4721	0
4722	0
4723	0
4724	0
4725	0
4726	0
4727	0
4728	0
4729	0
4730	0
4731	0
4732	0
4733	0
4734	0
4735	0
4736	0
4737	0
4738	0
4739	0
4740	0
4741	0
4742	0
4743	0
4744	0
4745	0
4746	0
4747	0
4748	0
4749	0
4750	0
4751	0
4752	0
4753	0
4754	0
4755	0
4756	0
4757	0
4758	0
4759	0
4760	0
4761	0
4762	0
4763	0
4764	0
4765	0
4766	0
4767	0
4768	0
4769	0
4770	0
4771	0
4772	0
4773	0
4774	0
4775	0
4776	0
4777	0
4778	0
4779	0
4780	0
4781	0
4782	0
4783	0
4784	0
4785	0
4786	0
4787	0
4788	0
4789	0
4790	0
4791	0
4792	0
4793	0
4794	0
4795	0
4796	0
4797	0
4798	0
4799	0
4800	0
4801	0
4802	0
4803	0
4804	0
4805	0
4806	0
4807	0
4808	0
4809	0
4810	0
4811	0
4812	0
4813	0
4814	0
4815	0
4816	0
4817	0
4818	0
4819	0
4820	0
4821	0
4822	0
4823	0
4824	0
4825	0
4826	0
4827	0
4828	0
4829	0
4830	0
4831	0
4832	0
4833	0
4834	0
4835	0
4836	0
4837	0
4838	0
4839	0
4840	0
4841	0
4842	0
4843	0
4844	60
4845	0
4846	0
4847	0
4848	0
4849	0
4850	0
4851	0
4852	0
4853	0
4854	0
4855	0
4856	0
4857	0
4858	0
4859	0
4860	0
4861	0
4862	0
4863	0
4864	0
4865	0
4866	0
4867	0
4868	0
4869	0
4870	0
4871	0
4872	0
4873	0
4874	0
4875	0
4876	0
4877	0
4878	0
4879	0
4880	0
4881	0
4882	0
4883	0
4884	0
4885	0
4886	0
4887	0
4888	0
4889	0
4890	0
4891	0
4892	50
4893	0
4894	0
4895	0
4896	0
4897	0
4898	0
4899	0
4900	0
4901	0
4902	0
4903	0
4904	0
4905	0
4906	0
4907	0
4908	0
4909	0
4910	0
4911	0
4912	0
4913	0
4914	0
4915	0
4916	0
4917	0
4918	0
4919	0
4920	0
4921	0
4922	0
4923	0
4924	0
4925	0
4926	0
4927	0
4928	0
4929	0
4930	0
4931	0
4932	0
4933	0
4934	0
4935	0
4936	0
4937	0
4938	0
4939	0
4940	0
4941	0
4942	0
4943	0
4944	0
4945	0
4946	0
4947	0
4948	0
4949	0
4950	0
4951	0
4952	0
4953	0
4954	0
4955	0
4956	0
4957	0
4958	0
4959	0
4960	0
4961	0
4962	0
4963	0
4964	0
4965	0
4966	0
4967	0
4968	0
4969	0
4970	0
4971	0
4972	0
4973	0
4974	0
4975	0
4976	0
4977	0
4978	50
4979	0
4980	0
4981	0
4982	0
4983	0
4984	0
4985	0
4986	0
4987	0
4988	50
4989	0
4990	0
4991	0
4992	0
4993	0
4994	0
4995	0
4996	0
4997	0
4998	0
4999	0
5000	50
5001	80
5002	110
5003	0
5004	0
5005	0
5006	0
5007	0
5008	0
5009	0
5010	0
5011	0
5012	0
5013	0
5014	0
5015	0
5016	0
5017	0
5018	0
5019	0
5020	0
5021	0
5022	0
5023	0
5024	0
5025	0
5026	0
5027	0
5028	0
5029	0
5030	0
5031	0
5032	0
5033	0
5034	0
5035	0
5036	0
5037	0
5038	0
5039	0
5040	0
5041	0
5042	0
5043	0
5044	0
5045	0
5046	0
5047	0
5048	0
5049	0
5050	0
5051	0
5052	0
5053	0
5054	0
5055	0
5056	0
5057	0
5058	0
5059	0
5060	0
5061	0
5062	0
5063	0
5064	0
5065	0
5066	0
5067	0
5068	0
5069	0
5070	0
5071	0
5072	0
5073	0
5074	0
5075	0
5076	0
5077	0
5078	0
5079	0
5080	0
5081	0
5082	0
5083	0
5084	0
5085	0
5086	0
5087	0
5088	0
5089	0
5090	0
5091	0
5092	0
5093	0
5094	0
5095	0
5096	0
5097	0
5098	0
5099	0
5100	0
5101	0
5102	0
5103	0
5104	0
5105	0
5106	0
5107	0
5108	0
5109	0
5110	0
5111	0
5112	0
5113	0
5114	0
5115	0
5116	0
5117	0
5118	0
5119	0
5120	0
5121	0
5122	0
5123	0
5124	0
5125	0
5126	0
5127	0
5128	0
5129	0
5130	0
5131	0
5132	0
5133	0
5134	0
5135	0
5136	0
5137	0
5138	0
5139	0
5140	0
5141	0
5142	0
5143	0
5144	0
5145	0
5146	0
5147	0
5148	0
5149	0
5150	0
5151	0
5152	0
5153	0
5154	0
5155	0
5156	0
5157	0
5158	0
5159	0
5160	0
5161	0
5162	0
5163	0
5164	0
5165	0
5166	0
5167	0
5168	0
5169	0
5170	0
5171	0
5172	0
5173	0
5174	0
5175	0
5176	0
5177	0
5178	0
5179	0
5180	0
5181	0
5182	0
5183	0
5184	0
5185	0
5186	0
5187	0
5188	0
5189	0
5190	0
5191	0
5192	0
5193	0
5194	0
5195	0
5196	0
5197	0
5198	0
5199	0
5200	0
5201	0
5202	0
5203	0
5204	0
5205	0
5206	0
5207	0
5208	0
5209	0
5210	0
5211	0
5212	0
5213	0
5214	0
5215	0
5216	0
5217	0
5218	40
5219	0
5220	0
5221	0
5222	0
5223	0
5224	0
5225	0
5226	0
5227	0
5228	0
5229	0
5230	0
5231	0
5232	0
5233	0
5234	0
5235	0
5236	0
5237	0
5238	0
5239	0
5240	10
5241	20
5242	90
5243	0
5244	0
5245	0
5246	0
5247	0
5248	0
5249	0
5250	0
5251	0
5252	20
5253	0
5254	0
5255	0
5256	0
5257	0
5258	0
5259	0
5260	0
5261	0
5262	0
5263	0
5264	0
5265	0
5266	0
5267	0
5268	0
5269	0
5270	0
5271	0
5272	0
5273	0
5274	0
5275	0
5276	90
5277	0
5278	0
5279	0
5280	0
5281	0
5282	0
5283	0
5284	0
5285	0
5286	0
5287	0
5288	40
5289	50
5290	30
5291	0
5292	0
5293	0
5294	0
5295	0
5296	0
5297	0
5298	0
5299	0
5300	60
5301	0
5302	0
5303	0
5304	0
5305	0
5306	0
5307	0
5308	0
5309	0
5310	0
5311	0
5312	30
5313	90
5314	220
5315	0
5316	0
5317	0
5318	0
5319	0
5320	0
5321	0
5322	0
5323	140
5324	610
5325	0
5326	0
5327	0
5328	0
5329	0
5330	0
5331	0
5332	0
5333	0
5334	0
5335	0
5336	270
5337	850
5338	460
5339	0
5340	0
5341	0
5342	0
5343	0
5344	0
5345	0
5346	0
5347	0
5348	100
5349	0
5350	0
5351	0
5352	0
5353	0
5354	0
5355	0
5356	0
5357	0
5358	0
5359	20
5360	140
5361	260
5362	160
5363	0
5364	0
5365	0
5366	0
5367	0
5368	0
5369	0
5370	0
5371	0
5372	0
5373	0
5374	0
5375	0
5376	0
5377	0
5378	0
5379	0
5380	0
5381	0
5382	0
5383	0
5384	0
5385	0
5386	20
5387	0
5388	0
5389	0
5390	0
5391	0
5392	0
5393	0
5394	0
5395	0
5396	0
5397	0
5398	0
5399	0
5400	0
5401	0
5402	0
5403	0
5404	0
5405	0
5406	0
5407	0
5408	0
5409	0
5410	0
5411	0
5412	0
5413	0
5414	0
5415	0
5416	0
5417	0
5418	0
5419	0
5420	0
5421	0
5422	0
5423	0
5424	0
5425	0
5426	0
5427	0
5428	0
5429	0
5430	0
5431	0
5432	0
5433	0
5434	0
5435	0
5436	0
5437	0
5438	0
5439	0
5440	0
5441	0
5442	0
5443	0
5444	0
5445	0
5446	0
5447	0
5448	0
5449	0
5450	0
5451	0
5452	0
5453	0
5454	0
5455	0
5456	0
5457	0
5458	0
5459	0
5460	0
5461	0
5462	0
5463	0
5464	0
5465	0
5466	0
5467	0
5468	0
5469	0
5470	0
5471	0
5472	0
5473	0
5474	0
5475	0
5476	0
5477	0
5478	0
5479	0
5480	0
5481	0
5482	0
5483	0
5484	0
5485	0
5486	0
5487	0
5488	0
5489	0
5490	0
5491	0
5492	0
5493	0
5494	0
5495	0
5496	0
5497	0
5498	0
5499	0
5500	0
5501	0
5502	0
5503	0
5504	0
5505	0
5506	0
5507	0
5508	0
5509	0
5510	0
5511	0
5512	0
5513	0
5514	0
5515	0
5516	0
5517	0
5518	0
5519	0
5520	0
5521	0
5522	0
5523	0
5524	0
5525	0
5526	0
5527	0
5528	0
5529	0
5530	0
5531	0
5532	0
5533	0
5534	0
5535	0
5536	0
5537	0
5538	0
5539	0
5540	0
5541	0
5542	0
5543	0
5544	0
5545	0
5546	0
5547	0
5548	0
5549	0
5550	0
5551	0
5552	0
5553	0
5554	0
5555	0
5556	0
5557	0
5558	0
5559	0
5560	0
5561	0
5562	0
5563	0
5564	0
5565	0
5566	0
5567	0
5568	0
5569	0
5570	0
5571	0
5572	0
5573	0
5574	0
5575	0
5576	0
5577	0
5578	0
5579	0
5580	0
5581	0
5582	0
5583	0
5584	0
5585	0
5586	0
5587	0
5588	0
5589	0
5590	0
5591	0
5592	0
5593	0
5594	0
5595	0
5596	0
5597	0
5598	0
5599	0
5600	0
5601	0
5602	0
5603	0
5604	0
5605	0
5606	0
5607	0
5608	0
5609	0
5610	0
5611	0
5612	0
5613	0
5614	0
5615	0
5616	0
5617	0
5618	0
5619	0
5620	0
5621	0
5622	0
5623	0
5624	0
5625	0
5626	0
5627	0
5628	0
5629	0
5630	0
5631	0
5632	0
5633	0
5634	0
5635	0
5636	0
5637	0
5638	0
5639	0
5640	0
5641	0
5642	0
5643	0
5644	0
5645	0
5646	0
5647	0
5648	0
5649	0
5650	0
5651	0
5652	0
5653	0
5654	0
5655	0
5656	0
5657	0
5658	0
5659	0
5660	0
5661	0
5662	0
5663	0
5664	0
5665	0
5666	0
5667	0
5668	0
5669	0
5670	0
5671	0
5672	0
5673	0
5674	40
5675	0
5676	0
5677	0
5678	0
5679	0
5680	0
5681	0
5682	0
5683	0
5684	0
5685	0
5686	0
5687	0
5688	0
5689	0
5690	0
5691	0
5692	0
5693	0
5694	0
5695	0
5696	0
5697	0
5698	0
5699	0
5700	0
5701	0
5702	0
5703	0
5704	0
5705	0
5706	0
5707	0
5708	0
5709	0
5710	0
5711	0
5712	0
5713	0
5714	0
5715	0
5716	0
5717	0
5718	0
5719	0
5720	0
5721	0
5722	30
5723	0
5724	0
5725	0
5726	0
5727	0
5728	0
5729	0
5730	0
5731	0
5732	0
5733	0
5734	0
5735	0
5736	0
5737	0
5738	0
5739	0
5740	0
5741	0
5742	0
5743	0
5744	20
5745	60
5746	160
5747	0
5748	0
5749	0
5750	0
5751	0
5752	0
5753	0
5754	0
5755	0
5756	0
5757	0
5758	0
5759	0
5760	0
5761	0
5762	0
5763	0
5764	0
5765	0
5766	0
5767	0
5768	80
5769	340
5770	510
5771	0
5772	0
5773	0
5774	0
5775	0
5776	0
5777	0
5778	0
5779	20
5780	260
5781	0
5782	0
5783	0
5784	0
5785	0
5786	0
5787	0
5788	0
5789	0
5790	0
5791	0
5792	350
5793	950
5794	440
5795	0
5796	0
5797	0
5798	0
5799	0
5800	0
5801	0
5802	0
5803	40
5804	210
5805	0
5806	0
5807	0
5808	0
5809	0
5810	0
5811	0
5812	0
5813	0
5814	0
5815	20
5816	550
5817	1910
5818	1060
5819	0
5820	0
5821	0
5822	0
5823	0
5824	0
5825	0
5826	90
5827	470
5828	650
5829	10
5830	30
5831	0
5832	0
5833	0
5834	0
5835	0
5836	0
5837	0
5838	0
5839	100
5840	600
5841	1780
5842	910
5843	30
5844	20
5845	20
5846	10
5847	0
5848	0
5849	0
5850	0
5851	0
5852	0
5853	0
5854	20
5855	0
5856	0
5857	0
5858	0
5859	0
5860	0
5861	0
5862	0
5863	80
5864	430
5865	1080
5866	500
5867	10
5868	0
5869	0
5870	0
5871	0
5872	0
5873	0
5874	70
5875	580
5876	770
5877	40
5878	30
5879	0
5880	0
5881	0
5882	0
5883	0
5884	0
5885	0
5886	0
5887	230
5888	720
5889	1880
5890	1000
5891	90
5892	110
5893	120
5894	130
5895	90
5896	80
5897	100
5898	570
5899	1940
5900	1280
5901	170
5902	210
5903	0
5904	0
5905	0
5906	0
5907	0
5908	0
5909	0
5910	0
5911	830
5912	1390
5913	2900
5914	1420
5915	270
5916	220
5917	180
5918	170
5919	150
5920	130
5921	140
5922	560
5923	1600
5924	1120
5925	280
5926	350
5927	0
5928	0
5929	0
5930	0
5931	0
5932	0
5933	0
5934	0
5935	1320
5936	1940
5937	3590
5938	1550
5939	290
5940	240
5941	210
5942	180
5943	190
5944	220
5945	220
5946	600
5947	1770
5948	1340
5949	270
5950	320
5951	0
5952	0
5953	0
5954	0
5955	0
5956	0
5957	0
5958	0
5959	1320
5960	1860
5961	3340
5962	1540
5963	390
5964	330
5965	260
5966	210
5967	210
5968	230
5969	210
5970	480
5971	1380
5972	1170
5973	350
5974	450
5975	0
5976	0
5977	0
5978	0
5979	0
5980	0
5981	0
5982	0
5983	1670
5984	2160
5985	4100
5986	2030
5987	620
5988	540
5989	420
5990	360
5991	380
5992	470
5993	550
5994	1380
5995	3400
5996	2130
5997	910
5998	920
5999	0
6000	0
6001	0
6002	0
6003	0
6004	0
6005	0
6006	0
6007	2020
6008	2510
6009	4130
6010	2170
6011	730
6012	630
6013	660
6014	660
6015	690
6016	700
6017	750
6018	1350
6019	2890
6020	2060
6021	1110
6022	1230
6023	0
6024	0
6025	0
6026	0
6027	0
6028	0
6029	0
6030	0
6031	2690
6032	2630
6033	4050
6034	1930
6035	470
6036	380
6037	340
6038	290
6039	230
6040	210
6041	190
6042	180
6043	220
6044	570
6045	270
6046	320
6047	0
6048	0
6049	0
6050	0
6051	0
6052	0
6053	0
6054	0
6055	1170
6056	1480
6057	2470
6058	970
6059	250
6060	200
6061	150
6062	130
6063	110
6064	80
6065	70
6066	70
6067	80
6068	80
6069	110
6070	110
6071	0
6072	0
6073	0
6074	0
6075	0
6076	0
6077	0
6078	0
6079	330
6080	610
6081	1130
6082	560
6083	90
6084	60
6085	40
6086	30
6087	10
6088	10
6089	0
6090	0
6091	0
6092	0
6093	0
6094	10
6095	0
6096	0
6097	0
6098	0
6099	0
6100	0
6101	0
6102	0
6103	100
6104	160
6105	170
6106	140
6107	0
6108	0
6109	0
6110	0
6111	0
6112	0
6113	0
6114	0
6115	0
6116	0
6117	0
6118	0
6119	0
6120	0
6121	0
6122	0
6123	0
6124	0
6125	0
6126	0
6127	40
6128	50
6129	40
6130	70
6131	0
6132	0
6133	0
6134	0
6135	0
6136	0
6137	0
6138	0
6139	0
6140	0
6141	0
6142	0
6143	0
6144	0
6145	0
6146	0
6147	0
6148	0
6149	0
6150	0
6151	0
6152	0
6153	80
6154	180
6155	0
6156	0
6157	0
6158	0
6159	0
6160	0
6161	0
6162	0
6163	0
6164	110
6165	0
6166	0
6167	0
6168	0
6169	0
6170	0
6171	0
6172	0
6173	0
6174	0
6175	30
6176	430
6177	1070
6178	700
6179	0
6180	0
6181	0
6182	0
6183	0
6184	0
6185	0
6186	0
6187	0
6188	40
6189	0
6190	0
6191	0
6192	0
6193	0
6194	0
6195	0
6196	0
6197	0
6198	0
6199	40
6200	390
6201	870
6202	440
6203	0
6204	0
6205	0
6206	0
6207	0
6208	0
6209	0
6210	0
6211	0
6212	0
6213	0
6214	0
6215	0
6216	0
6217	0
6218	0
6219	0
6220	0
6221	0
6222	0
6223	10
6224	350
6225	1250
6226	970
6227	10
6228	10
6229	0
6230	0
6231	0
6232	0
6233	0
6234	260
6235	1110
6236	1060
6237	30
6238	50
6239	0
6240	0
6241	0
6242	0
6243	0
6244	0
6245	0
6246	0
6247	100
6248	730
6249	2310
6250	1290
6251	100
6252	100
6253	100
6254	80
6255	80
6256	80
6257	110
6258	590
6259	1840
6260	1160
6261	170
6262	190
6263	0
6264	0
6265	0
6266	0
6267	0
6268	0
6269	0
6270	0
6271	760
6272	1390
6273	2880
6274	1190
6275	190
6276	200
6277	190
6278	200
6279	160
6280	130
6281	120
6282	280
6283	940
6284	940
6285	260
6286	290
6287	0
6288	0
6289	0
6290	0
6291	0
6292	0
6293	0
6294	0
6295	1660
6296	2150
6297	3500
6298	1280
6299	270
6300	200
6301	150
6302	110
6303	100
6304	90
6305	100
6306	110
6307	270
6308	830
6309	130
6310	140
6311	0
6312	0
6313	0
6314	0
6315	0
6316	0
6317	0
6318	0
6319	440
6320	1070
6321	2580
6322	1480
6323	220
6324	170
6325	140
6326	140
6327	140
6328	150
6329	150
6330	350
6331	1000
6332	1000
6333	200
6334	210
6335	0
6336	0
6337	0
6338	0
6339	0
6340	0
6341	0
6342	0
6343	740
6344	1550
6345	3840
6346	2200
6347	630
6348	610
6349	620
6350	620
6351	620
6352	630
6353	670
6354	1480
6355	3440
6356	2170
6357	930
6358	1030
6359	0
6360	0
6361	0
6362	0
6363	0
6364	0
6365	0
6366	0
6367	2240
6368	2790
6369	4790
6370	2320
6371	580
6372	410
6373	350
6374	300
6375	260
6376	250
6377	240
6378	420
6379	1070
6380	1180
6381	360
6382	440
6383	0
6384	0
6385	0
6386	0
6387	0
6388	0
6389	0
6390	0
6391	1740
6392	2230
6393	3890
6394	1710
6395	430
6396	370
6397	340
6398	270
6399	220
6400	200
6401	230
6402	350
6403	1070
6404	1320
6405	320
6406	390
6407	0
6408	0
6409	0
6410	0
6411	0
6412	0
6413	0
6414	0
6415	1520
6416	2320
6417	4010
6418	1630
6419	420
6420	360
6421	300
6422	220
6423	180
6424	150
6425	140
6426	140
6427	320
6428	910
6429	210
6430	240
6431	0
6432	0
6433	0
6434	0
6435	0
6436	0
6437	0
6438	0
6439	610
6440	1260
6441	3040
6442	1790
6443	330
6444	260
6445	240
6446	200
6447	170
6448	180
6449	180
6450	300
6451	900
6452	1160
6453	290
6454	320
6455	0
6456	0
6457	0
6458	0
6459	0
6460	0
6461	0
6462	0
6463	1320
6464	2400
6465	5470
6466	3130
6467	1130
6468	1090
6469	810
6470	440
6471	400
6472	490
6473	550
6474	1440
6475	3890
6476	2500
6477	980
6478	1080
6479	0
6480	0
6481	0
6482	0
6483	0
6484	0
6485	0
6486	0
6487	2300
6488	2850
6489	5160
6490	3170
6491	1320
6492	780
6493	550
6494	570
6495	720
6496	860
6497	1000
6498	1880
6499	3910
6500	2530
6501	1290
6502	1320
6503	0
6504	0
6505	0
6506	0
6507	0
6508	0
6509	0
6510	0
6511	2580
6512	2890
6513	4140
6514	1900
6515	680
6516	520
6517	450
6518	440
6519	450
6520	440
6521	470
6522	930
6523	2180
6524	1730
6525	1040
6526	1160
6527	0
6528	0
6529	0
6530	0
6531	0
6532	0
6533	0
6534	0
6535	2110
6536	2370
6537	3880
6538	2480
6539	1200
6540	930
6541	740
6542	490
6543	400
6544	450
6545	480
6546	870
6547	2270
6548	1680
6549	940
6550	1140
6551	0
6552	0
6553	0
6554	0
6555	0
6556	0
6557	0
6558	0
6559	2720
6560	3170
6561	5110
6562	2670
6563	710
6564	520
6565	430
6566	380
6567	350
6568	340
6569	380
6570	860
6571	2220
6572	1640
6573	520
6574	580
6575	0
6576	0
6577	0
6578	0
6579	0
6580	0
6581	0
6582	0
6583	1730
6584	2400
6585	4500
6586	2410
6587	840
6588	820
6589	830
6590	860
6591	850
6592	750
6593	670
6594	1450
6595	3770
6596	2770
6597	1350
6598	1400
6599	0
6600	0
6601	0
6602	0
6603	0
6604	0
6605	0
6606	0
6607	2510
6608	2990
6609	5040
6610	2970
6611	1180
6612	710
6613	460
6614	400
6615	400
6616	380
6617	350
6618	920
6619	2650
6620	2040
6621	980
6622	1110
6623	0
6624	0
6625	0
6626	0
6627	0
6628	0
6629	0
6630	0
6631	2820
6632	3350
6633	4970
6634	2080
6635	580
6636	490
6637	420
6638	350
6639	300
6640	270
6641	260
6642	550
6643	1730
6644	1810
6645	490
6646	550
6647	0
6648	0
6649	0
6650	0
6651	0
6652	0
6653	0
6654	0
6655	1880
6656	2600
6657	3930
6658	1450
6659	390
6660	330
6661	280
6662	210
6663	180
6664	170
6665	170
6666	180
6667	360
6668	900
6669	300
6670	290
6671	0
6672	0
6673	0
6674	0
6675	0
6676	0
6677	0
6678	0
6679	600
6680	940
6681	1640
6682	780
6683	200
6684	140
6685	110
6686	100
6687	80
6688	70
6689	70
6690	90
6691	160
6692	400
6693	130
6694	120
6695	0
6696	0
6697	0
6698	0
6699	0
6700	0
6701	0
6702	0
6703	940
6704	2410
6705	5850
6706	2770
6707	360
6708	310
6709	270
6710	220
6711	180
6712	170
6713	170
6714	590
6715	2140
6716	2200
6717	360
6718	420
6719	0
6720	0
6721	0
6722	0
6723	0
6724	0
6725	0
6726	0
6727	1160
6728	2440
6729	5930
6730	3250
6731	840
6732	770
6733	700
6734	600
6735	510
6736	520
6737	610
6738	1800
6739	4630
6740	2750
6741	1000
6742	1050
6743	0
6744	0
6745	0
6746	0
6747	0
6748	0
6749	0
6750	0
6751	2130
6752	2730
6753	4920
6754	2920
6755	1090
6756	760
6757	890
6758	1020
6759	1010
6760	980
6761	1040
6762	1830
6763	3810
6764	2590
6765	1390
6766	1440
6767	0
6768	0
6769	0
6770	0
6771	0
6772	0
6773	0
6774	0
6775	2560
6776	2930
6777	4930
6778	3200
6779	1730
6780	1700
6781	1630
6782	1500
6783	1390
6784	1360
6785	1430
6786	2190
6787	4160
6788	3000
6789	1710
6790	1720
6791	0
6792	0
6793	0
6794	0
6795	0
6796	0
6797	0
6798	0
6799	3210
6800	3560
6801	5640
6802	3470
6803	1580
6804	1230
6805	1090
6806	970
6807	1000
6808	1050
6809	1080
6810	1690
6811	3670
6812	2920
6813	1690
6814	1760
6815	0
6816	0
6817	0
6818	0
6819	0
6820	0
6821	0
6822	0
6823	3010
6824	3440
6825	5760
6826	3680
6827	1870
6828	1620
6829	1470
6830	1260
6831	840
6832	600
6833	570
6834	1550
6835	4260
6836	3230
6837	1770
6838	1890
6839	0
6840	0
6841	0
6842	0
6843	0
6844	0
6845	0
6846	0
6847	3930
6848	4980
6849	8290
6850	4620
6851	2120
6852	1650
6853	960
6854	690
6855	590
6856	520
6857	520
6858	1330
6859	3670
6860	2770
6861	1160
6862	1400
6863	0
6864	0
6865	0
6866	0
6867	0
6868	0
6869	0
6870	0
6871	3750
6872	4930
6873	8850
6874	4750
6875	1330
6876	940
6877	820
6878	690
6879	580
6880	530
6881	510
6882	1310
6883	3120
6884	2340
6885	880
6886	1000
6887	0
6888	0
6889	0
6890	0
6891	0
6892	0
6893	0
6894	0
6895	3480
6896	4830
6897	8730
6898	4140
6899	1020
6900	860
6901	740
6902	660
6903	640
6904	620
6905	620
6906	1340
6907	3280
6908	2440
6909	960
6910	1070
6911	0
6912	0
6913	0
6914	0
6915	0
6916	0
6917	0
6918	0
6919	3520
6920	4910
6921	8440
6922	3870
6923	1080
6924	920
6925	830
6926	710
6927	580
6928	500
6929	490
6930	1440
6931	3810
6932	3010
6933	960
6934	1070
6935	0
6936	0
6937	0
6938	0
6939	0
6940	0
6941	0
6942	0
6943	3040
6944	4760
6945	8340
6946	3590
6947	1020
6948	960
6949	890
6950	790
6951	670
6952	570
6953	560
6954	1700
6955	4320
6956	3210
6957	940
6958	1000
6959	0
6960	0
6961	0
6962	0
6963	0
6964	0
6965	0
6966	0
6967	3460
6968	5070
6969	8930
6970	4070
6971	1170
6972	1090
6973	1030
6974	920
6975	780
6976	660
6977	670
6978	1900
6979	4580
6980	3230
6981	980
6982	1030
6983	0
6984	0
6985	0
6986	0
6987	0
6988	0
6989	0
6990	0
6991	3390
6992	4910
6993	8890
6994	4400
6995	1240
6996	1140
6997	1070
6998	950
6999	830
7000	730
7001	760
7002	2080
7003	5110
7004	3510
7005	1120
7006	1230
7007	0
7008	0
7009	0
7010	0
7011	0
7012	0
7013	0
7014	0
7015	3070
7016	4290
7017	8520
7018	5130
7019	1860
7020	1530
7021	1260
7022	990
7023	880
7024	840
7025	920
7026	2430
7027	5630
7028	3450
7029	1420
7030	1500
7031	10
7032	0
7033	0
7034	0
7035	0
7036	0
7037	0
7038	0
7039	3580
7040	4500
7041	7990
7042	4770
7043	2100
7044	1930
7045	1840
7046	1680
7047	1500
7048	1340
7049	1400
7050	2730
7051	5860
7052	4040
7053	2120
7054	2210
7055	0
7056	0
7057	0
7058	0
7059	0
7060	0
7061	0
7062	0
7063	4970
7064	5830
7065	9570
7066	5410
7067	2430
7068	1780
7069	1260
7070	930
7071	820
7072	880
7073	1000
7074	1900
7075	4690
7076	3490
7077	1730
7078	1860
7079	0
7080	0
7081	0
7082	0
7083	0
7084	0
7085	0
7086	0
7087	3460
7088	3790
7089	6010
7090	3690
7091	1870
7092	1830
7093	1710
7094	1560
7095	1360
7096	1020
7097	1160
7098	2550
7099	5580
7100	4020
7101	2190
7102	2180
7103	0
7104	0
7105	0
7106	0
7107	0
7108	0
7109	0
7110	0
7111	4770
7112	5590
7113	8630
7114	4130
7115	1840
7116	1860
7117	1930
7118	1970
7119	2010
7120	2130
7121	2250
7122	3370
7123	6120
7124	4120
7125	2380
7126	2420
7127	0
7128	0
7129	0
7130	0
7131	0
7132	0
7133	0
7134	0
7135	4190
7136	4550
7137	7230
7138	4880
7139	2930
7140	2820
7141	2620
7142	2430
7143	2300
7144	2310
7145	2340
7146	3430
7147	6350
7148	4570
7149	2700
7150	2710
7151	0
7152	0
7153	0
7154	0
7155	0
7156	0
7157	0
7158	0
7159	5000
7160	5610
7161	8470
7162	4500
7163	1700
7164	1230
7165	1020
7166	880
7167	850
7168	930
7169	1060
7170	1760
7171	3540
7172	2490
7173	1500
7174	1640
7175	0
7176	0
7177	0
7178	0
7179	0
7180	0
7181	0
7182	0
7183	4270
7184	5000
7185	8100
7186	4370
7187	1550
7188	1130
7189	930
7190	820
7191	720
7192	590
7193	650
7194	1610
7195	4450
7196	3320
7197	1550
7198	1790
7199	0
7200	0
7201	0
7202	0
7203	0
7204	0
7205	0
7206	0
7207	4520
7208	5570
7209	9820
7210	5990
7211	2790
7212	2330
7213	1900
7214	1600
7215	1580
7216	1660
7217	1710
7218	2790
7219	5730
7220	4090
7221	2240
7222	2280
7223	0
7224	0
7225	0
7226	0
7227	0
7228	0
7229	0
7230	0
7231	4380
7232	5150
7233	8860
7234	5680
7235	2720
7236	2250
7237	1720
7238	1140
7239	800
7240	680
7241	820
7242	1970
7243	4950
7244	3610
7245	1880
7246	2010
7247	0
7248	0
7249	0
7250	0
7251	0
7252	0
7253	0
7254	0
7255	2860
7256	3390
7257	5890
7258	3940
7259	2080
7260	1750
7261	1530
7262	1440
7263	1370
7264	1340
7265	1460
7266	2480
7267	5090
7268	3610
7269	1920
7270	1970
7271	0
7272	0
7273	0
7274	0
7275	0
7276	0
7277	0
7278	0
7279	4200
7280	4800
7281	8200
7282	4900
7283	2000
7284	1700
7285	1400
7286	1000
7287	700
7288	700
7289	1000
7290	2400
7291	6300
7292	4500
7293	2200
7294	2400
7295	0
7296	0
7297	0
7298	0
7299	0
7300	0
7301	0
7302	0
7303	4700
7304	5300
7305	9300
7306	5800
7307	3200
7308	3100
7309	3000
7310	3000
7311	2800
7312	2900
7313	2800
7314	4200
7315	7400
7316	5000
7317	3000
7318	3000
7319	0
7320	0
7321	0
7322	0
7323	0
7324	0
7325	0
7326	0
7327	5600
7328	6200
7329	10100
7330	6300
7331	2900
7332	2500
7333	2500
7334	2400
7335	2200
7336	1800
7337	2300
7338	4100
7339	8400
7340	5700
7341	2900
7342	2900
7343	0
7344	0
7345	0
7346	0
7347	0
7348	0
7349	0
7350	0
7351	4600
7352	5100
7353	8100
7354	5500
7355	3300
7356	3300
7357	3100
7358	2900
7359	2600
7360	2700
7361	2900
7362	4400
7363	8500
7364	6000
7365	3400
7366	3500
7367	0
7368	0
7369	0
7370	0
7371	0
7372	0
7373	0
7374	0
7375	6700
7376	7500
7377	12600
7378	8200
7379	4200
7380	3900
7381	3700
7382	3200
7383	2800
7384	2600
7385	3200
7386	5600
7387	11200
7388	7700
7389	4200
7390	4200
7391	0
7392	0
7393	0
7394	0
7395	0
7396	0
7397	0
7398	0
7399	8200
7400	9400
7401	15400
7402	9000
7403	3700
7404	3000
7405	2600
7406	2200
7407	2000
7408	1900
7409	2300
7410	4900
7411	11000
7412	7400
7413	3700
7414	3900
7415	0
7416	0
7417	0
7418	0
7419	0
7420	0
7421	0
7422	0
7423	8000
7424	9200
7425	15600
7426	9800
7427	5100
7428	4600
7429	4100
7430	3300
7431	2600
7432	2500
7433	3100
7434	5800
7435	12100
7436	8100
7437	4200
7438	4300
7439	0
7440	0
7441	0
7442	0
7443	0
7444	0
7445	0
7446	0
7447	7700
7448	8500
7449	13900
7450	9300
7451	5300
7452	5100
7453	5000
7454	4800
7455	4800
7456	4700
7457	4800
7458	6600
7459	11700
7460	7900
7461	4600
7462	4600
7463	0
7464	0
7465	0
7466	0
7467	0
7468	0
7469	0
7470	0
7471	7600
7472	8000
7473	12300
7474	8400
7475	5100
7476	4900
7477	4500
7478	4300
7479	4100
7480	4100
7481	4100
7482	5700
7483	9800
7484	6900
7485	4200
7486	4200
7487	0
7488	0
7489	0
7490	0
7491	0
7492	0
7493	0
7494	0
7495	6200
7496	6200
7497	9200
7498	6300
7499	3900
7500	3300
7501	2800
7502	2700
7503	2400
7504	2600
7505	2900
7506	4100
7507	6800
7508	4900
7509	3200
7510	3200
7511	0
7512	0
7513	0
7514	0
7515	0
7516	0
7517	0
7518	0
7519	5500
7520	5600
7521	8700
7522	6100
7523	3600
7524	2900
7525	2400
7526	2300
7527	2100
7528	1900
7529	2300
7530	4000
7531	7300
7532	5000
7533	2900
7534	3000
7535	0
7536	0
7537	0
7538	0
7539	0
7540	0
7541	0
7542	0
7543	6200
7544	6600
7545	10800
7546	7200
7547	4200
7548	4100
7549	3900
7550	3800
7551	3700
7552	3700
7553	3700
7554	5300
7555	9400
7556	6700
7557	3900
7558	4100
7559	0
7560	0
7561	0
7562	0
7563	0
7564	0
7565	0
7566	0
7567	7200
7568	7600
7569	11700
7570	7700
7571	3900
7572	3200
7573	2600
7574	2500
7575	2100
7576	2200
7577	2700
7578	4700
7579	9400
7580	6700
7581	3600
7582	3500
7583	0
7584	0
7585	0
7586	0
7587	0
7588	0
7589	0
7590	0
7591	6100
7592	6700
7593	10200
7594	6700
7595	3700
7596	3400
7597	3100
7598	2800
7599	2800
7600	3000
7601	3200
7602	4600
7603	7800
7604	5500
7605	3200
7606	3200
7607	0
7608	0
7609	0
7610	0
7611	0
7612	0
7613	0
7614	0
7615	5200
7616	5300
7617	8000
7618	5700
7619	3600
7620	3500
7621	3300
7622	3200
7623	3200
7624	3200
7625	3100
7626	4200
7627	6900
7628	5000
7629	3200
7630	3200
7631	0
7632	0
7633	0
7634	0
7635	0
7636	0
7637	0
7638	0
7639	5400
7640	5700
7641	8900
7642	6200
7643	3800
7644	3700
7645	3600
7646	3500
7647	3400
7648	3500
7649	3500
7650	4800
7651	8300
7652	5700
7653	3600
7654	3500
7655	0
7656	0
7657	0
7658	0
7659	0
7660	0
7661	0
7662	0
7663	6000
7664	6400
7665	9900
7666	7000
7667	4200
7668	3400
7669	2400
7670	2100
7671	2300
7672	2600
7673	2800
7674	4400
7675	8500
7676	6000
7677	3300
7678	3300
7679	0
7680	0
7681	0
7682	0
7683	0
7684	0
7685	0
7686	0
7687	6200
7688	6900
7689	11500
7690	6700
7691	2800
7692	2100
7693	1900
7694	1500
7695	1300
7696	1400
7697	1800
7698	3800
7699	8600
7700	5900
7701	3100
7702	3200
7703	0
7704	0
7705	0
7706	0
7707	0
7708	0
7709	0
7710	0
7711	5600
7712	6100
7713	10300
7714	7000
7715	4100
7716	3800
7717	3600
7718	3400
7719	3400
7720	3200
7721	3300
7722	4900
7723	8800
7724	6400
7725	3800
7726	3600
7727	0
7728	0
7729	0
7730	0
7731	0
7732	0
7733	0
7734	0
7735	6600
7736	7100
7737	11400
7738	7300
7739	3600
7740	3200
7741	3300
7742	3400
7743	3400
7744	3300
7745	3500
7746	5000
7747	9200
7748	6300
7749	3600
7750	3700
7751	0
7752	0
7753	0
7754	0
7755	0
7756	0
7757	0
7758	0
7759	7200
7760	7800
7761	12500
7762	7800
7763	4100
7764	3800
7765	3700
7766	3700
7767	3700
7768	3600
7769	3600
7770	5000
7771	8500
7772	6100
7773	3700
7774	3800
7775	0
7776	0
7777	0
7778	0
7779	0
7780	0
7781	0
7782	0
7783	6400
7784	7000
7785	11800
7786	7800
7787	4300
7788	3900
7789	3600
7790	3500
7791	3500
7792	3600
7793	3800
7794	5600
7795	10000
7796	7000
7797	4200
7798	4300
7799	0
7800	0
7801	0
7802	0
7803	0
7804	0
7805	0
7806	0
7807	7700
7808	8100
7809	12900
7810	8400
7811	4900
7812	4600
7813	4300
7814	3700
7815	3400
7816	3500
7817	3900
7818	5600
7819	10400
7820	7400
7821	4300
7822	4100
7823	0
7824	0
7825	0
7826	0
7827	0
7828	0
7829	0
7830	0
7831	6200
7832	6800
7833	10800
7834	7000
7835	3700
7836	3500
7837	3600
7838	3400
7839	3500
7840	3400
7841	3500
7842	4800
7843	8000
7844	5600
7845	3500
7846	3600
7847	0
7848	0
7849	0
7850	0
7851	0
7852	0
7853	0
7854	0
7855	5800
7856	5900
7857	8800
7858	6400
7859	4100
7860	3900
7861	3700
7862	3600
7863	3400
7864	3400
7865	3500
7866	4600
7867	7900
7868	5600
7869	3500
7870	3600
7871	0
7872	0
7873	0
7874	0
7875	0
7876	0
7877	0
7878	0
7879	6000
7880	6200
7881	9700
7882	6800
7883	4100
7884	3900
7885	3600
7886	3500
7887	3500
7888	3500
7889	3500
7890	5300
7891	9700
7892	7000
7893	4000
7894	4100
7895	0
7896	0
7897	0
7898	0
7899	0
7900	0
7901	0
7902	0
7903	7800
7904	8500
7905	13800
7906	9000
7907	5100
7908	4900
7909	4500
7910	4000
7911	3300
7912	3600
7913	4000
7914	6400
7915	12000
7916	8000
7917	4500
7918	4400
7919	0
7920	0
7921	0
7922	0
7923	0
7924	0
7925	0
7926	0
7927	7000
7928	7200
7929	10700
7930	7400
7931	4700
7932	4500
7933	4400
7934	4200
7935	4200
7936	4000
7937	4000
7938	5600
7939	9300
7940	6500
7941	4000
7942	4000
7943	0
7944	0
7945	0
7946	0
7947	0
7948	0
7949	0
7950	0
7951	6800
7952	7000
7953	10900
7954	7700
7955	4500
7956	4100
7957	3900
7958	3800
7959	3700
7960	3800
7961	3900
7962	5800
7963	10100
7964	7100
7965	4100
7966	4200
7967	0
7968	0
7969	0
7970	0
7971	0
7972	0
7973	0
7974	0
7975	6900
7976	7400
7977	11500
7978	8000
7979	5000
7980	4800
7981	4600
7982	4500
7983	4300
7984	4300
7985	4400
7986	6000
7987	10400
7988	7300
7989	4400
7990	4300
7991	0
7992	0
7993	0
7994	0
7995	0
7996	0
7997	0
7998	0
7999	7800
8000	8000
8001	12400
8002	8400
8003	5100
8004	4900
8005	4500
8006	4400
8007	4300
8008	4300
8009	4200
8010	5800
8011	9600
8012	6900
8013	4200
8014	4400
8015	0
8016	0
8017	0
8018	0
8019	0
8020	0
8021	0
8022	0
8023	7000
8024	7200
8025	11000
8026	7800
8027	4600
8028	4100
8029	3600
8030	3000
8031	2700
8032	2900
8033	3300
8034	4700
8035	8300
8036	5800
8037	3500
8038	3500
8039	0
8040	0
8041	0
8042	0
8043	0
8044	0
8045	0
8046	0
8047	6700
8048	7600
8049	12300
8050	8200
8051	4500
8052	3800
8053	3200
8054	2600
8055	2300
8056	2900
8057	3200
8058	5200
8059	9500
8060	6800
8061	3800
8062	3800
8063	0
8064	0
8065	0
8066	0
8067	0
8068	0
8069	0
8070	0
8071	6600
8072	7300
8073	12000
8074	8200
8075	4900
8076	4600
8077	4400
8078	4300
8079	4300
8080	4200
8081	4300
8082	6100
8083	11000
8084	7600
8085	4400
8086	4600
8087	0
8088	0
8089	0
8090	0
8091	0
8092	0
8093	0
8094	0
8095	7400
8096	7600
8097	11900
8098	8200
8099	5200
8100	4900
8101	4700
8102	4600
8103	4500
8104	4500
8105	4500
8106	6200
8107	10200
8108	7100
8109	4400
8110	4300
8111	0
8112	0
8113	0
8114	0
8115	0
8116	0
8117	0
8118	0
8119	7200
8120	7400
8121	11500
8122	8100
8123	5100
8124	5000
8125	4800
8126	4700
8127	4600
8128	4600
8129	4500
8130	6300
8131	10600
8132	7400
8133	4500
8134	4500
8135	0
8136	0
8137	0
8138	0
8139	0
8140	0
8141	0
8142	0
8143	7500
8144	8000
8145	12700
8146	8800
8147	5400
8148	5200
8149	5100
8150	5000
8151	4800
8152	4700
8153	4700
8154	6500
8155	11200
8156	8100
8157	4900
8158	4900
8159	0
8160	0
8161	0
8162	0
8163	0
8164	0
8165	0
8166	0
8167	8900
8168	9400
8169	15200
8170	10100
8171	4900
8172	4000
8173	3400
8174	3000
8175	2700
8176	3200
8177	3800
8178	6100
8179	11900
8180	8000
8181	4300
8182	4400
8183	0
8184	0
8185	0
8186	0
8187	0
8188	0
8189	0
8190	0
8191	8600
8192	9700
8193	16400
8194	10700
8195	5000
8196	4100
8197	3500
8198	3100
8199	2800
8200	3300
8201	3900
8202	6500
8203	13100
8204	8900
8205	4600
8206	4800
8207	0
8208	0
8209	0
8210	0
8211	0
8212	0
8213	0
8214	0
8215	8300
8216	9400
8217	15900
8218	10600
8219	5400
8220	4600
8221	4100
8222	3600
8223	3400
8224	4100
8225	4400
8226	7100
8227	13600
8228	9000
8229	4900
8230	4800
8231	0
8232	0
8233	0
8234	0
8235	0
8236	0
8237	0
8238	0
8239	8900
8240	10000
8241	16700
8242	11100
8243	5500
8244	4800
8245	4200
8246	3700
8247	3500
8248	4100
8249	4500
8250	7300
8251	13700
8252	9300
8253	5000
8254	5000
8255	0
8256	0
8257	0
8258	0
8259	0
8260	0
8261	0
8262	0
8263	9300
8264	10300
8265	17200
8266	11400
8267	5700
8268	4900
8269	4400
8270	3700
8271	3600
8272	4200
8273	4600
8274	7500
8275	14200
8276	9400
8277	5200
8278	5200
8279	0
8280	0
8281	0
8282	0
8283	0
8284	0
8285	0
8286	0
8287	9300
8288	10200
8289	16600
8290	11200
8291	6400
8292	6100
8293	5500
8294	4800
8295	4600
8296	4900
8297	5200
8298	7700
8299	13900
8300	9500
8301	5400
8302	5500
8303	0
8304	0
8305	0
8306	0
8307	0
8308	0
8309	0
8310	0
8311	9300
8312	10100
8313	16100
8314	11000
8315	6400
8316	6100
8317	5700
8318	5300
8319	5300
8320	5300
8321	5300
8322	7500
8323	13000
8324	9100
8325	5400
8326	5400
8327	0
8328	0
8329	0
8330	0
8331	0
8332	0
8333	0
8334	0
8335	9000
8336	9500
8337	15000
8338	10300
8339	5800
8340	5000
8341	4400
8342	3900
8343	3900
8344	4300
8345	4600
8346	6900
8347	12400
8348	8700
8349	4900
8350	5100
8351	0
8352	0
8353	0
8354	0
8355	0
8356	0
8357	0
8358	0
8359	8300
8360	8700
8361	13800
8362	9600
8363	5800
8364	5600
8365	5500
8366	5300
8367	5300
8368	5100
8369	5200
8370	7300
8371	12400
8372	8500
8373	5100
8374	4800
8375	0
8376	0
8377	0
8378	0
8379	0
8380	0
8381	0
8382	0
8383	7700
8384	7800
8385	11500
8386	8100
8387	5300
8388	4800
8389	4500
8390	4300
8391	4400
8392	4400
8393	4400
8394	6100
8395	10100
8396	7100
8397	4300
8398	4300
8399	0
8400	0
8401	0
8402	0
8403	0
8404	0
8405	0
8406	0
8407	7100
8408	7400
8409	11400
8410	8000
8411	5100
8412	4900
8413	4800
8414	4900
8415	4800
8416	4700
8417	4800
8418	6600
8419	11500
8420	7900
8421	4800
8422	4700
8423	0
8424	0
8425	0
8426	0
8427	0
8428	0
8429	0
8430	0
8431	8100
8432	8400
8433	13300
8434	9300
8435	5800
8436	5600
8437	5300
8438	5200
8439	5200
8440	5100
8441	5100
8442	7200
8443	12700
8444	8900
8445	5400
8446	5500
8447	0
8448	0
8449	0
8450	0
8451	0
8452	0
8453	0
8454	0
8455	9200
8456	9800
8457	15900
8458	10400
8459	5200
8460	4100
8461	3500
8462	3100
8463	2800
8464	3500
8465	4100
8466	6600
8467	12900
8468	8700
8469	4800
8470	4700
8471	0
8472	0
8473	0
8474	0
8475	0
8476	0
8477	0
8478	0
8479	8400
8480	9000
8481	14600
8482	9900
8483	5400
8484	5000
8485	5000
8486	5000
8487	5100
8488	5000
8489	5000
8490	6900
8491	11900
8492	8200
8493	4800
8494	4800
8495	0
8496	0
8497	0
8498	0
8499	0
8500	0
8501	0
8502	0
8503	7400
8504	7500
8505	11300
8506	8100
8507	5200
8508	5000
8509	4900
8510	4700
8511	4500
8512	4600
8513	4500
8514	5900
8515	9600
8516	6900
8517	4300
8518	4200
8519	0
8520	0
8521	0
8522	0
8523	0
8524	0
8525	0
8526	0
8527	6800
8528	6800
8529	10000
8530	7100
8531	4700
8532	4500
8533	4400
8534	4200
8535	4200
8536	4000
8537	4000
8538	5000
8539	7700
8540	5500
8541	3600
8542	3500
8543	0
8544	0
8545	0
8546	0
8547	0
8548	0
8549	0
8550	0
8551	5600
8552	5800
8553	8900
8554	6400
8555	4200
8556	3900
8557	3800
8558	3500
8559	3400
8560	3300
8561	3500
8562	4800
8563	8000
8564	5700
8565	3700
8566	3600
8567	0
8568	0
8569	0
8570	0
8571	0
8572	0
8573	0
8574	0
8575	5700
8576	5900
8577	9200
8578	6500
8579	4100
8580	3800
8581	3500
8582	3300
8583	3300
8584	3200
8585	3300
8586	4500
8587	7500
8588	5400
8589	3300
8590	3300
8591	0
8592	0
8593	0
8594	0
8595	0
8596	0
8597	0
8598	0
8599	5700
8600	5900
8601	9400
8602	6500
8603	4100
8604	3800
8605	3700
8606	3500
8607	3500
8608	3500
8609	3500
8610	5100
8611	8700
8612	6100
8613	3700
8614	3600
8615	0
8616	0
8617	0
8618	0
8619	0
8620	0
8621	0
8622	0
8623	6200
8624	6700
8625	10500
8626	7300
8627	4300
8628	4100
8629	4000
8630	4000
8631	4000
8632	3900
8633	3800
8634	5100
8635	8600
8636	6000
8637	3700
8638	3600
8639	0
8640	0
8641	0
8642	0
8643	0
8644	0
8645	0
8646	0
8647	8000
8648	8500
8649	14100
8650	9600
8651	5600
8652	5300
8653	5200
8654	5000
8655	5000
8656	4900
8657	4900
8658	7300
8659	13000
8660	8900
8661	5000
8662	5000
8663	0
8664	0
8665	0
8666	0
8667	0
8668	0
8669	0
8670	0
8671	8600
8672	9100
8673	14700
8674	10100
8675	6000
8676	5600
8677	5100
8678	5000
8679	5100
8680	5100
8681	5200
8682	7200
8683	12600
8684	8600
8685	5000
8686	5000
8687	0
8688	0
8689	0
8690	0
8691	0
8692	0
8693	0
8694	0
8695	8300
8696	8800
8697	14300
8698	9900
8699	5100
8700	4300
8701	3800
8702	3400
8703	3200
8704	3700
8705	4100
8706	6300
8707	12100
8708	8300
8709	4600
8710	4500
8711	0
8712	0
8713	0
8714	0
8715	0
8716	0
8717	0
8718	0
8719	8200
8720	8800
8721	13800
8722	9200
8723	5300
8724	4900
8725	4800
8726	4500
8727	4400
8728	4400
8729	4400
8730	5800
8731	9500
8732	6600
8733	4200
8734	4200
8735	0
8736	0
8737	0
8738	0
8739	0
8740	0
8741	0
8742	0
8743	6000
8744	6000
8745	8900
8746	6400
8747	3900
8748	3700
8749	3500
8750	3400
8751	3300
8752	3300
8753	3400
8754	5000
8755	8900
8756	6200
8757	3600
8758	3600
8759	0
8760	0
