1	0
2	0
3	0
4	0
5	0
6	0
7	3546.8769
8	407.687
9	326.1496
10	0
11	326.1496
12	1019.2175
13	0
14	285.3809
15	0
16	0
17	0
18	0
19	652.2992
20	366.9183
21	652.2992
22	0
23	0
24	0
25	0
26	0
27	0
28	0
29	0
30	0
31	4851.4753
32	0
33	0
34	0
35	0
36	611.5305
37	0
38	0
39	0
40	0
41	285.3809
42	366.9183
43	326.1496
44	652.2992
45	326.1496
46	0
47	0
48	0
49	0
50	0
51	0
52	0
53	0
54	0
55	5626.0806
56	326.1496
57	0
58	0
59	285.3809
60	1345.3671
61	0
62	285.3809
63	0
64	0
65	0
66	774.6053
67	326.1496
68	244.6122
69	0
70	0
71	0
72	0
73	0
74	0
75	0
76	0
77	0
78	0
79	3139.1899
80	0
81	0
82	0
83	326.1496
84	896.9114
85	0
86	0
87	366.9183
88	0
89	0
90	407.687
91	326.1496
92	326.1496
93	0
94	0
95	0
96	0
97	0
98	0
99	0
100	0
101	0
102	0
103	4280.7135
104	0
105	0
106	0
107	0
108	3261.496
109	0
110	326.1496
111	0
112	0
113	652.2992
114	0
115	693.0679
116	244.6122
117	0
118	0
119	0
120	0
121	0
122	0
123	693.0679
124	0
125	0
126	0
127	1263.8297
128	2283.0472
129	0
130	0
131	285.3809
132	326.1496
133	0
134	326.1496
135	1875.3602
136	1059.9862
137	733.8366
138	326.1496
139	0
140	896.9114
141	1386.1358
142	0
143	0
144	0
145	0
146	0
147	0
148	0
149	0
150	0
151	3057.6525
152	366.9183
153	0
154	0
155	0
156	0
157	0
158	0
159	1182.2923
160	1386.1358
161	0
162	0
163	0
164	570.7618
165	285.3809
166	652.2992
167	0
168	285.3809
169	0
170	0
171	0
172	0
173	0
174	0
175	4851.4753
176	326.1496
177	285.3809
178	285.3809
179	0
180	1386.1358
181	0
182	0
183	0
184	0
185	326.1496
186	1182.2923
187	285.3809
188	244.6122
189	0
190	0
191	0
192	0
193	0
194	0
195	0
196	0
197	0
198	0
199	4321.4822
200	0
201	0
202	0
203	0
204	1141.5236
205	0
206	0
207	0
208	407.687
209	0
210	366.9183
211	244.6122
212	285.3809
213	815.374
214	0
215	0
216	0
217	0
218	0
219	0
220	0
221	0
222	0
223	3465.3395
224	326.1496
225	0
226	0
227	0
228	1141.5236
229	0
230	0
231	285.3809
232	0
233	570.7618
234	407.687
235	244.6122
236	1223.061
237	366.9183
238	0
239	0
240	0
241	0
242	0
243	0
244	0
245	0
246	0
247	3873.0265
248	0
249	0
250	0
251	326.1496
252	1141.5236
253	285.3809
254	0
255	407.687
256	0
257	0
258	0
259	0
260	937.6801
261	1345.3671
262	0
263	326.1496
264	0
265	0
266	0
267	0
268	0
269	0
270	0
271	2935.3464
272	0
273	0
274	0
275	407.687
276	1100.7549
277	0
278	285.3809
279	693.0679
280	326.1496
281	0
282	326.1496
283	0
284	693.0679
285	570.7618
286	0
287	0
288	0
289	0
290	0
291	326.1496
292	0
293	0
294	0
295	4117.6387
296	3913.7952
297	366.9183
298	0
299	0
300	285.3809
301	0
302	326.1496
303	529.9931
304	2323.8159
305	0
306	407.687
307	244.6122
308	0
309	366.9183
310	244.6122
311	0
312	0
313	0
314	0
315	0
316	448.4557
317	0
318	0
319	3179.9586
320	1793.8228
321	285.3809
322	0
323	0
324	366.9183
325	326.1496
326	0
327	1467.6732
328	978.4488
329	366.9183
330	244.6122
331	366.9183
332	285.3809
333	489.2244
334	366.9183
335	0
336	0
337	0
338	0
339	0
340	0
341	0
342	0
343	6074.5363
344	0
345	366.9183
346	244.6122
347	0
348	1223.061
349	0
350	0
351	285.3809
352	285.3809
353	0
354	0
355	570.7618
356	407.687
357	448.4557
358	0
359	0
360	0
361	0
362	0
363	0
364	0
365	0
366	0
367	5381.4684
368	326.1496
369	0
370	0
371	285.3809
372	2323.8159
373	0
374	285.3809
375	285.3809
376	0
377	0
378	0
379	0
380	978.4488
381	244.6122
382	0
383	0
384	0
385	0
386	0
387	0
388	0
389	0
390	0
391	4117.6387
392	0
393	0
394	366.9183
395	0
396	856.1427
397	326.1496
398	0
399	0
400	0
401	0
402	1304.5984
403	407.687
404	326.1496
405	244.6122
406	0
407	0
408	0
409	0
410	0
411	0
412	0
413	0
414	0
415	3383.8021
416	326.1496
417	0
418	0
419	0
420	3016.8838
421	774.6053
422	0
423	0
424	0
425	0
426	448.4557
427	244.6122
428	0
429	1059.9862
430	366.9183
431	0
432	0
433	0
434	0
435	0
436	0
437	0
438	0
439	7909.1278
440	0
441	0
442	0
443	0
444	1997.6663
445	0
446	0
447	0
448	0
449	407.687
450	733.8366
451	0
452	285.3809
453	0
454	0
455	0
456	0
457	0
458	0
459	366.9183
460	0
461	0
462	0
463	2486.8907
464	3057.6525
465	0
466	0
467	0
468	0
469	326.1496
470	0
471	1793.8228
472	0
473	0
474	285.3809
475	0
476	326.1496
477	285.3809
478	611.5305
479	0
480	0
481	0
482	0
483	244.6122
484	0
485	0
486	0
487	1753.0541
488	2201.5098
489	0
490	693.0679
491	0
492	285.3809
493	0
494	693.0679
495	1712.2854
496	1956.8976
497	326.1496
498	0
499	0
500	652.2992
501	326.1496
502	570.7618
503	0
504	0
505	0
506	0
507	0
508	0
509	0
510	0
511	3832.2578
512	0
513	0
514	366.9183
515	0
516	1386.1358
517	407.687
518	0
519	326.1496
520	366.9183
521	0
522	896.9114
523	1182.2923
524	693.0679
525	693.0679
526	0
527	0
528	0
529	0
530	0
531	244.6122
532	0
533	0
534	326.1496
535	6074.5363
536	326.1496
537	0
538	0
539	0
540	366.9183
541	0
542	366.9183
543	0
544	0
545	0
546	0
547	693.0679
548	0
549	326.1496
550	0
551	0
552	0
553	0
554	0
555	366.9183
556	0
557	285.3809
558	0
559	4851.4753
560	285.3809
561	0
562	0
563	0
564	1182.2923
565	0
566	0
567	0
568	0
569	0
570	326.1496
571	0
572	0
573	0
574	0
575	0
576	0
577	0
578	0
579	0
580	0
581	0
582	0
583	4810.7066
584	0
585	285.3809
586	0
587	448.4557
588	978.4488
589	0
590	0
591	0
592	0
593	0
594	366.9183
595	937.6801
596	0
597	937.6801
598	0
599	0
600	0
601	0
602	0
603	0
604	0
605	0
606	0
607	3709.9517
608	0
609	0
610	611.5305
611	0
612	1997.6663
613	0
614	0
615	0
616	0
617	0
618	285.3809
619	0
620	285.3809
621	693.0679
622	0
623	0
624	0
625	0
626	0
627	0
628	0
629	0
630	0
631	3179.9586
632	3343.0334
633	0
634	326.1496
635	0
636	0
637	0
638	0
639	1712.2854
640	1059.9862
641	0
642	652.2992
643	0
644	366.9183
645	407.687
646	285.3809
647	0
648	0
649	0
650	0
651	0
652	0
653	0
654	0
655	2690.7342
656	3791.4891
657	0
658	0
659	326.1496
660	0
661	0
662	0
663	1997.6663
664	1263.8297
665	0
666	0
667	0
668	896.9114
669	611.5305
670	896.9114
671	0
672	0
673	0
674	0
675	0
676	0
677	0
678	0
679	4769.9379
680	0
681	0
682	0
683	0
684	1834.5915
685	244.6122
686	0
687	0
688	0
689	0
690	1059.9862
691	285.3809
692	774.6053
693	448.4557
694	0
695	0
696	0
697	0
698	0
699	0
700	0
701	0
702	0
703	3057.6525
704	285.3809
705	0
706	896.9114
707	733.8366
708	2364.5846
709	0
710	0
711	0
712	0
713	0
714	326.1496
715	652.2992
716	611.5305
717	1059.9862
718	0
719	0
720	0
721	0
722	0
723	0
724	407.687
725	0
726	0
727	4973.7814
728	326.1496
729	0
730	0
731	0
732	0
733	0
734	0
735	0
736	652.2992
737	0
738	326.1496
739	0
740	326.1496
741	1304.5984
742	0
743	0
744	0
745	0
746	0
747	0
748	0
749	0
750	0
751	4117.6387
752	0
753	0
754	0
755	285.3809
756	2119.9724
757	0
758	0
759	0
760	0
761	0
762	285.3809
763	326.1496
764	489.2244
765	285.3809
766	0
767	0
768	0
769	0
770	0
771	0
772	0
773	0
774	0
775	3587.6456
776	0
777	0
778	0
779	0
780	896.9114
781	733.8366
782	366.9183
783	366.9183
784	0
785	0
786	285.3809
787	326.1496
788	1182.2923
789	0
790	407.687
791	0
792	0
793	0
794	0
795	0
796	326.1496
797	0
798	0
799	1671.5167
800	1549.2106
801	652.2992
802	0
803	0
804	0
805	0
806	0
807	1345.3671
808	529.9931
809	0
810	0
811	0
812	366.9183
813	652.2992
814	285.3809
815	0
816	0
817	0
818	0
819	0
820	0
821	0
822	0
823	2609.1968
824	3750.7204
825	0
826	285.3809
827	0
828	733.8366
829	0
830	0
831	407.687
832	774.6053
833	0
834	0
835	244.6122
836	0
837	896.9114
838	693.0679
839	0
840	0
841	0
842	0
843	0
844	0
845	0
846	0
847	5096.0875
848	0
849	0
850	326.1496
851	0
852	2201.5098
853	326.1496
854	0
855	0
856	0
857	0
858	652.2992
859	693.0679
860	652.2992
861	326.1496
862	0
863	0
864	0
865	0
866	0
867	0
868	0
869	0
870	0
871	2731.5029
872	244.6122
873	366.9183
874	0
875	0
876	0
877	326.1496
878	0
879	0
880	0
881	0
882	0
883	285.3809
884	0
885	0
886	0
887	0
888	0
889	0
890	0
891	0
892	0
893	0
894	0
895	3465.3395
896	285.3809
897	0
898	0
899	0
900	1059.9862
901	407.687
902	0
903	0
904	0
905	366.9183
906	366.9183
907	0
908	0
909	285.3809
910	0
911	0
912	0
913	0
914	0
915	0
916	0
917	0
918	0
919	3220.7273
920	0
921	0
922	285.3809
923	326.1496
924	407.687
925	0
926	0
927	366.9183
928	0
929	0
930	570.7618
931	326.1496
932	0
933	407.687
934	0
935	0
936	0
937	0
938	0
939	0
940	0
941	0
942	0
943	2568.4281
944	0
945	0
946	652.2992
947	0
948	937.6801
949	0
950	0
951	0
952	0
953	0
954	326.1496
955	0
956	733.8366
957	326.1496
958	0
959	0
960	0
961	0
962	285.3809
963	0
964	0
965	0
966	0
967	3261.496
968	2649.9655
969	0
970	244.6122
971	0
972	0
973	326.1496
974	0
975	326.1496
976	1263.8297
977	0
978	0
979	0
980	733.8366
981	774.6053
982	326.1496
983	0
984	0
985	0
986	0
987	0
988	0
989	0
990	0
991	1019.2175
992	2079.2037
993	0
994	366.9183
995	0
996	0
997	0
998	0
999	2364.5846
1000	978.4488
1001	0
1002	0
1003	0
1004	489.2244
1005	0
1006	366.9183
1007	0
1008	0
1009	0
1010	0
1011	0
1012	0
1013	0
1014	0
1015	3628.4143
1016	407.687
1017	0
1018	366.9183
1019	0
1020	1712.2854
1021	0
1022	0
1023	0
1024	0
1025	0
1026	0
1027	0
1028	774.6053
1029	326.1496
1030	0
1031	0
1032	0
1033	0
1034	244.6122
1035	0
1036	0
1037	0
1038	0
1039	1997.6663
1040	611.5305
1041	0
1042	0
1043	0
1044	1182.2923
1045	0
1046	0
1047	407.687
1048	0
1049	0
1050	0
1051	448.4557
1052	0
1053	285.3809
1054	0
1055	0
1056	0
1057	0
1058	0
1059	0
1060	0
1061	0
1062	0
1063	5381.4684
1064	0
1065	366.9183
1066	733.8366
1067	0
1068	693.0679
1069	0
1070	448.4557
1071	0
1072	407.687
1073	0
1074	244.6122
1075	0
1076	0
1077	285.3809
1078	0
1079	285.3809
1080	366.9183
1081	0
1082	0
1083	0
1084	0
1085	0
1086	0
1087	4484.557
1088	285.3809
1089	0
1090	0
1091	0
1092	1019.2175
1093	0
1094	244.6122
1095	0
1096	0
1097	0
1098	0
1099	0
1100	285.3809
1101	0
1102	0
1103	0
1104	0
1105	0
1106	0
1107	0
1108	0
1109	0
1110	0
1111	2731.5029
1112	244.6122
1113	0
1114	407.687
1115	0
1116	1467.6732
1117	0
1118	0
1119	0
1120	0
1121	0
1122	285.3809
1123	0
1124	733.8366
1125	326.1496
1126	0
1127	0
1128	366.9183
1129	0
1130	0
1131	0
1132	0
1133	0
1134	0
1135	2690.7342
1136	2079.2037
1137	0
1138	285.3809
1139	0
1140	0
1141	0
1142	0
1143	1304.5984
1144	937.6801
1145	0
1146	611.5305
1147	0
1148	1100.7549
1149	0
1150	244.6122
1151	0
1152	326.1496
1153	0
1154	0
1155	0
1156	0
1157	0
1158	0
1159	2731.5029
1160	2772.2716
1161	326.1496
1162	326.1496
1163	326.1496
1164	285.3809
1165	0
1166	0
1167	1671.5167
1168	774.6053
1169	0
1170	0
1171	0
1172	448.4557
1173	244.6122
1174	326.1496
1175	448.4557
1176	0
1177	0
1178	0
1179	0
1180	0
1181	0
1182	0
1183	5829.9241
1184	0
1185	0
1186	0
1187	366.9183
1188	1956.8976
1189	0
1190	0
1191	0
1192	285.3809
1193	0
1194	1182.2923
1195	0
1196	1508.4419
1197	652.2992
1198	0
1199	0
1200	0
1201	0
1202	0
1203	0
1204	0
1205	0
1206	0
1207	2935.3464
1208	0
1209	0
1210	0
1211	0
1212	1304.5984
1213	366.9183
1214	0
1215	0
1216	0
1217	0
1218	733.8366
1219	570.7618
1220	1100.7549
1221	856.1427
1222	0
1223	0
1224	0
1225	244.6122
1226	0
1227	0
1228	0
1229	0
1230	285.3809
1231	4566.0944
1232	0
1233	0
1234	326.1496
1235	0
1236	1549.2106
1237	0
1238	0
1239	244.6122
1240	0
1241	0
1242	0
1243	611.5305
1244	774.6053
1245	1345.3671
1246	0
1247	0
1248	0
1249	0
1250	0
1251	0
1252	0
1253	0
1254	0
1255	1630.748
1256	0
1257	0
1258	448.4557
1259	0
1260	774.6053
1261	0
1262	0
1263	0
1264	0
1265	0
1266	611.5305
1267	366.9183
1268	529.9931
1269	489.2244
1270	0
1271	0
1272	326.1496
1273	0
1274	0
1275	0
1276	0
1277	0
1278	0
1279	2201.5098
1280	366.9183
1281	0
1282	326.1496
1283	0
1284	2201.5098
1285	0
1286	0
1287	407.687
1288	0
1289	0
1290	366.9183
1291	0
1292	326.1496
1293	326.1496
1294	0
1295	285.3809
1296	0
1297	0
1298	0
1299	0
1300	0
1301	326.1496
1302	0
1303	2976.1151
1304	2853.809
1305	0
1306	0
1307	0
1308	285.3809
1309	0
1310	366.9183
1311	3343.0334
1312	1019.2175
1313	285.3809
1314	0
1315	366.9183
1316	733.8366
1317	1059.9862
1318	937.6801
1319	0
1320	0
1321	0
1322	0
1323	0
1324	0
1325	0
1326	326.1496
1327	2690.7342
1328	2731.5029
1329	407.687
1330	244.6122
1331	611.5305
1332	366.9183
1333	366.9183
1334	0
1335	1019.2175
1336	1263.8297
1337	0
1338	0
1339	0
1340	733.8366
1341	0
1342	896.9114
1343	0
1344	0
1345	0
1346	0
1347	0
1348	0
1349	0
1350	0
1351	5666.8493
1352	0
1353	244.6122
1354	0
1355	0
1356	1304.5984
1357	0
1358	0
1359	0
1360	0
1361	0
1362	611.5305
1363	489.2244
1364	978.4488
1365	326.1496
1366	0
1367	0
1368	0
1369	0
1370	326.1496
1371	0
1372	0
1373	0
1374	0
1375	4443.7883
1376	0
1377	0
1378	693.0679
1379	0
1380	1426.9045
1381	326.1496
1382	0
1383	0
1384	0
1385	0
1386	1182.2923
1387	0
1388	733.8366
1389	652.2992
1390	0
1391	0
1392	0
1393	0
1394	0
1395	0
1396	0
1397	0
1398	0
1399	5218.3936
1400	0
1401	366.9183
1402	366.9183
1403	366.9183
1404	1589.9793
1405	0
1406	0
1407	652.2992
1408	0
1409	0
1410	0
1411	0
1412	733.8366
1413	366.9183
1414	0
1415	0
1416	0
1417	0
1418	0
1419	0
1420	0
1421	0
1422	0
1423	3383.8021
1424	366.9183
1425	0
1426	0
1427	0
1428	896.9114
1429	0
1430	326.1496
1431	407.687
1432	0
1433	285.3809
1434	774.6053
1435	366.9183
1436	1019.2175
1437	1141.5236
1438	0
1439	0
1440	0
1441	0
1442	0
1443	0
1444	0
1445	0
1446	0
1447	3424.5708
1448	0
1449	366.9183
1450	285.3809
1451	0
1452	2609.1968
1453	326.1496
1454	326.1496
1455	0
1456	0
1457	0
1458	285.3809
1459	0
1460	285.3809
1461	0
1462	0
1463	0
1464	0
1465	0
1466	0
1467	0
1468	0
1469	0
1470	0
1471	2976.1151
1472	1956.8976
1473	366.9183
1474	0
1475	0
1476	0
1477	244.6122
1478	0
1479	1304.5984
1480	693.0679
1481	0
1482	0
1483	0
1484	407.687
1485	0
1486	0
1487	407.687
1488	0
1489	0
1490	0
1491	0
1492	0
1493	285.3809
1494	0
1495	1875.3602
1496	2201.5098
1497	0
1498	0
1499	0
1500	0
1501	0
1502	0
1503	1426.9045
1504	1304.5984
1505	0
1506	0
1507	0
1508	285.3809
1509	244.6122
1510	937.6801
1511	0
1512	0
1513	0
1514	0
1515	0
1516	0
1517	0
1518	0
1519	3343.0334
1520	774.6053
1521	0
1522	0
1523	0
1524	1345.3671
1525	0
1526	366.9183
1527	285.3809
1528	0
1529	0
1530	244.6122
1531	611.5305
1532	285.3809
1533	0
1534	0
1535	0
1536	0
1537	0
1538	0
1539	0
1540	0
1541	0
1542	0
1543	4525.3257
1544	0
1545	0
1546	570.7618
1547	0
1548	285.3809
1549	0
1550	0
1551	0
1552	0
1553	0
1554	733.8366
1555	774.6053
1556	366.9183
1557	611.5305
1558	0
1559	0
1560	0
1561	0
1562	0
1563	0
1564	0
1565	0
1566	0
1567	1263.8297
1568	0
1569	0
1570	0
1571	0
1572	1100.7549
1573	0
1574	0
1575	366.9183
1576	0
1577	0
1578	937.6801
1579	285.3809
1580	244.6122
1581	326.1496
1582	0
1583	0
1584	0
1585	0
1586	0
1587	0
1588	0
1589	0
1590	0
1591	6849.1416
1592	0
1593	0
1594	0
1595	407.687
1596	1997.6663
1597	326.1496
1598	693.0679
1599	0
1600	0
1601	0
1602	326.1496
1603	937.6801
1604	407.687
1605	326.1496
1606	0
1607	0
1608	0
1609	0
1610	0
1611	0
1612	0
1613	0
1614	0
1615	4443.7883
1616	0
1617	0
1618	0
1619	0
1620	1630.748
1621	0
1622	611.5305
1623	0
1624	0
1625	285.3809
1626	285.3809
1627	693.0679
1628	978.4488
1629	0
1630	0
1631	0
1632	0
1633	0
1634	0
1635	0
1636	0
1637	0
1638	0
1639	1997.6663
1640	4321.4822
1641	0
1642	0
1643	0
1644	0
1645	244.6122
1646	366.9183
1647	896.9114
1648	1141.5236
1649	0
1650	0
1651	448.4557
1652	1019.2175
1653	326.1496
1654	326.1496
1655	0
1656	0
1657	0
1658	0
1659	0
1660	326.1496
1661	0
1662	0
1663	3016.8838
1664	1304.5984
1665	774.6053
1666	0
1667	0
1668	244.6122
1669	366.9183
1670	0
1671	1997.6663
1672	326.1496
1673	0
1674	0
1675	0
1676	0
1677	652.2992
1678	0
1679	0
1680	0
1681	0
1682	0
1683	0
1684	0
1685	0
1686	0
1687	3750.7204
1688	244.6122
1689	0
1690	0
1691	0
1692	0
1693	0
1694	0
1695	0
1696	0
1697	529.9931
1698	326.1496
1699	326.1496
1700	285.3809
1701	326.1496
1702	0
1703	0
1704	0
1705	0
1706	0
1707	0
1708	0
1709	0
1710	0
1711	2160.7411
1712	0
1713	326.1496
1714	0
1715	0
1716	1589.9793
1717	0
1718	0
1719	0
1720	0
1721	0
1722	244.6122
1723	896.9114
1724	326.1496
1725	326.1496
1726	0
1727	0
1728	0
1729	0
1730	0
1731	0
1732	0
1733	0
1734	0
1735	3302.2647
1736	0
1737	326.1496
1738	0
1739	0
1740	2119.9724
1741	0
1742	0
1743	0
1744	0
1745	0
1746	0
1747	693.0679
1748	285.3809
1749	285.3809
1750	0
1751	0
1752	0
1753	0
1754	0
1755	0
1756	0
1757	0
1758	0
1759	5992.9989
1760	0
1761	285.3809
1762	0
1763	285.3809
1764	693.0679
1765	0
1766	0
1767	0
1768	0
1769	0
1770	815.374
1771	326.1496
1772	1059.9862
1773	611.5305
1774	326.1496
1775	0
1776	0
1777	407.687
1778	0
1779	0
1780	0
1781	0
1782	0
1783	1916.1289
1784	0
1785	0
1786	0
1787	0
1788	2772.2716
1789	0
1790	0
1791	0
1792	0
1793	0
1794	0
1795	0
1796	1019.2175
1797	366.9183
1798	0
1799	0
1800	0
1801	0
1802	0
1803	0
1804	0
1805	0
1806	0
1807	3628.4143
1808	2568.4281
1809	0
1810	244.6122
1811	0
1812	0
1813	366.9183
1814	448.4557
1815	896.9114
1816	1956.8976
1817	0
1818	285.3809
1819	0
1820	0
1821	611.5305
1822	0
1823	0
1824	0
1825	0
1826	0
1827	285.3809
1828	0
1829	366.9183
1830	0
1831	4158.4074
1832	4280.7135
1833	529.9931
1834	285.3809
1835	0
1836	0
1837	774.6053
1838	0
1839	1671.5167
1840	937.6801
1841	0
1842	0
1843	0
1844	326.1496
1845	326.1496
1846	366.9183
1847	407.687
1848	0
1849	0
1850	0
1851	0
1852	0
1853	0
1854	0
1855	6237.6111
1856	285.3809
1857	0
1858	0
1859	0
1860	1345.3671
1861	0
1862	0
1863	0
1864	0
1865	407.687
1866	407.687
1867	366.9183
1868	0
1869	652.2992
1870	0
1871	0
1872	0
1873	0
1874	0
1875	0
1876	0
1877	0
1878	0
1879	3057.6525
1880	244.6122
1881	0
1882	0
1883	0
1884	1386.1358
1885	326.1496
1886	0
1887	693.0679
1888	0
1889	366.9183
1890	0
1891	0
1892	448.4557
1893	0
1894	0
1895	0
1896	0
1897	0
1898	0
1899	0
1900	0
1901	0
1902	0
1903	4484.557
1904	0
1905	0
1906	0
1907	326.1496
1908	2364.5846
1909	0
1910	0
1911	0
1912	0
1913	0
1914	0
1915	0
1916	0
1917	0
1918	0
1919	0
1920	0
1921	0
1922	0
1923	0
1924	0
1925	0
1926	0
1927	4362.2509
1928	326.1496
1929	0
1930	0
1931	0
1932	978.4488
1933	0
1934	0
1935	0
1936	0
1937	0
1938	366.9183
1939	0
1940	693.0679
1941	0
1942	0
1943	0
1944	0
1945	0
1946	0
1947	0
1948	0
1949	0
1950	0
1951	3302.2647
1952	0
1953	0
1954	0
1955	326.1496
1956	2731.5029
1957	0
1958	285.3809
1959	0
1960	0
1961	0
1962	774.6053
1963	1059.9862
1964	0
1965	0
1966	0
1967	0
1968	0
1969	0
1970	0
1971	0
1972	0
1973	0
1974	0
1975	1630.748
1976	2323.8159
1977	0
1978	0
1979	0
1980	0
1981	0
1982	285.3809
1983	896.9114
1984	1589.9793
1985	0
1986	0
1987	0
1988	570.7618
1989	693.0679
1990	1141.5236
1991	0
1992	0
1993	0
1994	0
1995	0
1996	0
1997	0
1998	326.1496
1999	2364.5846
2000	1834.5915
2001	0
2002	0
2003	0
2004	0
2005	0
2006	0
2007	856.1427
2008	693.0679
2009	326.1496
2010	366.9183
2011	0
2012	611.5305
2013	1059.9862
2014	733.8366
2015	0
2016	0
2017	0
2018	0
2019	0
2020	0
2021	0
2022	407.687
2023	2690.7342
2024	366.9183
2025	0
2026	0
2027	0
2028	937.6801
2029	0
2030	0
2031	0
2032	407.687
2033	0
2034	1100.7549
2035	0
2036	693.0679
2037	0
2038	0
2039	0
2040	0
2041	0
2042	0
2043	0
2044	0
2045	0
2046	0
2047	5136.8562
2048	0
2049	0
2050	326.1496
2051	244.6122
2052	1263.8297
2053	0
2054	0
2055	0
2056	0
2057	0
2058	326.1496
2059	937.6801
2060	1019.2175
2061	366.9183
2062	0
2063	0
2064	0
2065	0
2066	0
2067	0
2068	0
2069	0
2070	0
2071	4892.244
2072	0
2073	366.9183
2074	0
2075	407.687
2076	652.2992
2077	0
2078	448.4557
2079	0
2080	0
2081	244.6122
2082	693.0679
2083	326.1496
2084	611.5305
2085	0
2086	0
2087	366.9183
2088	0
2089	0
2090	0
2091	0
2092	0
2093	0
2094	0
2095	4729.1692
2096	0
2097	285.3809
2098	0
2099	0
2100	2527.6594
2101	774.6053
2102	0
2103	0
2104	0
2105	285.3809
2106	774.6053
2107	244.6122
2108	285.3809
2109	0
2110	0
2111	0
2112	0
2113	0
2114	0
2115	0
2116	0
2117	0
2118	0
2119	2568.4281
2120	0
2121	0
2122	0
2123	366.9183
2124	1956.8976
2125	0
2126	0
2127	0
2128	0
2129	0
2130	285.3809
2131	326.1496
2132	0
2133	570.7618
2134	0
2135	0
2136	0
2137	0
2138	0
2139	0
2140	652.2992
2141	285.3809
2142	326.1496
2143	1141.5236
2144	1223.061
2145	0
2146	0
2147	0
2148	0
2149	407.687
2150	0
2151	366.9183
2152	1263.8297
2153	0
2154	0
2155	0
2156	978.4488
2157	815.374
2158	326.1496
2159	0
2160	0
2161	0
2162	0
2163	0
2164	0
2165	0
2166	0
2167	1182.2923
2168	2038.435
2169	0
2170	0
2171	0
2172	0
2173	0
2174	0
2175	1263.8297
2176	1671.5167
2177	366.9183
2178	0
2179	0
2180	489.2244
2181	285.3809
2182	366.9183
2183	0
2184	0
2185	0
2186	0
2187	0
2188	0
2189	0
2190	0
2191	937.6801
2192	0
2193	0
2194	285.3809
2195	0
2196	693.0679
2197	0
2198	0
2199	0
2200	0
2201	0
2202	407.687
2203	244.6122
2204	0
2205	244.6122
2206	0
2207	0
2208	0
2209	0
2210	0
2211	0
2212	0
2213	0
2214	0
2215	3750.7204
2216	0
2217	0
2218	366.9183
2219	0
2220	1304.5984
2221	285.3809
2222	937.6801
2223	0
2224	0
2225	0
2226	1059.9862
2227	407.687
2228	366.9183
2229	326.1496
2230	0
2231	0
2232	0
2233	0
2234	0
2235	0
2236	0
2237	0
2238	0
2239	4769.9379
2240	0
2241	0
2242	0
2243	0
2244	1426.9045
2245	0
2246	0
2247	366.9183
2248	0
2249	326.1496
2250	937.6801
2251	366.9183
2252	326.1496
2253	652.2992
2254	0
2255	0
2256	0
2257	0
2258	0
2259	0
2260	0
2261	0
2262	0
2263	2038.435
2264	0
2265	0
2266	0
2267	0
2268	1467.6732
2269	326.1496
2270	0
2271	0
2272	0
2273	0
2274	407.687
2275	326.1496
2276	285.3809
2277	0
2278	0
2279	0
2280	0
2281	0
2282	0
2283	0
2284	326.1496
2285	0
2286	0
2287	2690.7342
2288	0
2289	0
2290	0
2291	0
2292	1834.5915
2293	0
2294	0
2295	0
2296	0
2297	0
2298	366.9183
2299	652.2992
2300	733.8366
2301	0
2302	0
2303	0
2304	0
2305	0
2306	0
2307	0
2308	448.4557
2309	0
2310	0
2311	2364.5846
2312	733.8366
2313	0
2314	0
2315	652.2992
2316	366.9183
2317	0
2318	0
2319	1141.5236
2320	1263.8297
2321	0
2322	326.1496
2323	244.6122
2324	326.1496
2325	326.1496
2326	1997.6663
2327	0
2328	0
2329	0
2330	0
2331	0
2332	0
2333	0
2334	0
2335	3424.5708
2336	2160.7411
2337	0
2338	0
2339	0
2340	0
2341	0
2342	0
2343	1059.9862
2344	1426.9045
2345	326.1496
2346	0
2347	244.6122
2348	815.374
2349	366.9183
2350	652.2992
2351	0
2352	0
2353	0
2354	0
2355	0
2356	0
2357	0
2358	0
2359	5503.7745
2360	326.1496
2361	0
2362	0
2363	0
2364	2568.4281
2365	0
2366	0
2367	0
2368	0
2369	652.2992
2370	326.1496
2371	1671.5167
2372	0
2373	0
2374	0
2375	0
2376	285.3809
2377	0
2378	0
2379	0
2380	0
2381	0
2382	0
2383	4362.2509
2384	0
2385	0
2386	0
2387	285.3809
2388	611.5305
2389	0
2390	407.687
2391	693.0679
2392	0
2393	0
2394	611.5305
2395	815.374
2396	326.1496
2397	0
2398	0
2399	0
2400	0
2401	0
2402	0
2403	0
2404	0
2405	0
2406	0
2407	2323.8159
2408	407.687
2409	0
2410	0
2411	0
2412	1386.1358
2413	366.9183
2414	0
2415	326.1496
2416	285.3809
2417	366.9183
2418	1059.9862
2419	366.9183
2420	0
2421	0
2422	285.3809
2423	0
2424	0
2425	0
2426	326.1496
2427	0
2428	0
2429	0
2430	0
2431	3343.0334
2432	326.1496
2433	0
2434	0
2435	652.2992
2436	1141.5236
2437	326.1496
2438	0
2439	0
2440	0
2441	0
2442	366.9183
2443	652.2992
2444	693.0679
2445	0
2446	0
2447	0
2448	0
2449	0
2450	0
2451	0
2452	285.3809
2453	0
2454	0
2455	3669.183
2456	0
2457	0
2458	0
2459	0
2460	1386.1358
2461	0
2462	0
2463	0
2464	0
2465	0
2466	896.9114
2467	611.5305
2468	326.1496
2469	733.8366
2470	0
2471	0
2472	0
2473	0
2474	0
2475	0
2476	0
2477	0
2478	0
2479	937.6801
2480	2731.5029
2481	0
2482	326.1496
2483	366.9183
2484	0
2485	366.9183
2486	0
2487	1100.7549
2488	1223.061
2489	0
2490	1019.2175
2491	0
2492	326.1496
2493	693.0679
2494	326.1496
2495	0
2496	0
2497	0
2498	0
2499	0
2500	0
2501	0
2502	0
2503	1263.8297
2504	3016.8838
2505	326.1496
2506	326.1496
2507	0
2508	285.3809
2509	0
2510	0
2511	978.4488
2512	937.6801
2513	0
2514	0
2515	0
2516	570.7618
2517	774.6053
2518	0
2519	0
2520	0
2521	0
2522	0
2523	0
2524	0
2525	0
2526	0
2527	3424.5708
2528	0
2529	733.8366
2530	0
2531	326.1496
2532	1467.6732
2533	0
2534	0
2535	0
2536	326.1496
2537	0
2538	244.6122
2539	326.1496
2540	0
2541	285.3809
2542	0
2543	0
2544	0
2545	0
2546	0
2547	0
2548	0
2549	0
2550	0
2551	3383.8021
2552	0
2553	407.687
2554	815.374
2555	0
2556	1956.8976
2557	0
2558	0
2559	0
2560	326.1496
2561	0
2562	0
2563	0
2564	1100.7549
2565	326.1496
2566	0
2567	0
2568	0
2569	0
2570	0
2571	0
2572	0
2573	0
2574	0
2575	1182.2923
2576	0
2577	366.9183
2578	0
2579	0
2580	1589.9793
2581	0
2582	0
2583	0
2584	285.3809
2585	815.374
2586	244.6122
2587	407.687
2588	0
2589	978.4488
2590	0
2591	0
2592	0
2593	0
2594	0
2595	0
2596	0
2597	0
2598	0
2599	4362.2509
2600	0
2601	0
2602	0
2603	0
2604	1304.5984
2605	0
2606	0
2607	0
2608	0
2609	0
2610	0
2611	244.6122
2612	0
2613	774.6053
2614	0
2615	0
2616	0
2617	0
2618	0
2619	0
2620	0
2621	0
2622	0
2623	4036.1013
2624	0
2625	0
2626	0
2627	244.6122
2628	2079.2037
2629	0
2630	0
2631	285.3809
2632	0
2633	326.1496
2634	0
2635	570.7618
2636	652.2992
2637	285.3809
2638	0
2639	0
2640	0
2641	0
2642	0
2643	0
2644	0
2645	0
2646	0
2647	2405.3533
2648	2160.7411
2649	0
2650	0
2651	0
2652	366.9183
2653	407.687
2654	0
2655	978.4488
2656	407.687
2657	0
2658	0
2659	0
2660	1019.2175
2661	652.2992
2662	611.5305
2663	0
2664	0
2665	0
2666	0
2667	0
2668	0
2669	0
2670	366.9183
2671	3669.183
2672	1019.2175
2673	0
2674	0
2675	326.1496
2676	0
2677	0
2678	0
2679	1508.4419
2680	1508.4419
2681	0
2682	0
2683	0
2684	652.2992
2685	693.0679
2686	733.8366
2687	407.687
2688	0
2689	0
2690	0
2691	0
2692	0
2693	0
2694	0
2695	2119.9724
2696	0
2697	0
2698	0
2699	285.3809
2700	652.2992
2701	0
2702	0
2703	0
2704	326.1496
2705	326.1496
2706	244.6122
2707	0
2708	937.6801
2709	0
2710	0
2711	0
2712	0
2713	0
2714	0
2715	0
2716	0
2717	0
2718	0
2719	2079.2037
2720	0
2721	0
2722	0
2723	0
2724	1508.4419
2725	0
2726	0
2727	0
2728	0
2729	0
2730	326.1496
2731	774.6053
2732	0
2733	733.8366
2734	0
2735	0
2736	0
2737	0
2738	0
2739	0
2740	0
2741	0
2742	0
2743	3954.5639
2744	0
2745	285.3809
2746	0
2747	0
2748	0
2749	0
2750	407.687
2751	0
2752	285.3809
2753	285.3809
2754	611.5305
2755	366.9183
2756	896.9114
2757	896.9114
2758	0
2759	0
2760	0
2761	0
2762	0
2763	0
2764	0
2765	0
2766	0
2767	3261.496
2768	0
2769	652.2992
2770	733.8366
2771	0
2772	2079.2037
2773	0
2774	285.3809
2775	0
2776	0
2777	285.3809
2778	978.4488
2779	978.4488
2780	0
2781	326.1496
2782	0
2783	0
2784	0
2785	0
2786	366.9183
2787	0
2788	0
2789	0
2790	0
2791	3016.8838
2792	0
2793	0
2794	693.0679
2795	0
2796	1059.9862
2797	0
2798	0
2799	0
2800	0
2801	0
2802	0
2803	244.6122
2804	285.3809
2805	366.9183
2806	0
2807	0
2808	0
2809	326.1496
2810	0
2811	0
2812	0
2813	285.3809
2814	0
2815	3709.9517
2816	2405.3533
2817	326.1496
2818	0
2819	978.4488
2820	0
2821	0
2822	0
2823	1834.5915
2824	978.4488
2825	0
2826	0
2827	0
2828	448.4557
2829	326.1496
2830	774.6053
2831	0
2832	0
2833	0
2834	0
2835	0
2836	0
2837	0
2838	0
2839	1426.9045
2840	2772.2716
2841	0
2842	0
2843	0
2844	0
2845	285.3809
2846	0
2847	2160.7411
2848	1508.4419
2849	0
2850	0
2851	0
2852	326.1496
2853	407.687
2854	1019.2175
2855	0
2856	0
2857	0
2858	0
2859	0
2860	0
2861	0
2862	0
2863	4158.4074
2864	0
2865	0
2866	0
2867	0
2868	611.5305
2869	0
2870	0
2871	0
2872	0
2873	326.1496
2874	0
2875	693.0679
2876	652.2992
2877	652.2992
2878	0
2879	0
2880	0
2881	0
2882	366.9183
2883	0
2884	0
2885	0
2886	0
2887	4117.6387
2888	0
2889	611.5305
2890	0
2891	0
2892	1386.1358
2893	0
2894	366.9183
2895	0
2896	0
2897	285.3809
2898	693.0679
2899	937.6801
2900	0
2901	366.9183
2902	0
2903	0
2904	0
2905	0
2906	0
2907	0
2908	0
2909	0
2910	0
2911	4769.9379
2912	0
2913	285.3809
2914	326.1496
2915	0
2916	652.2992
2917	0
2918	0
2919	0
2920	0
2921	0
2922	366.9183
2923	815.374
2924	1059.9862
2925	0
2926	0
2927	0
2928	0
2929	0
2930	0
2931	0
2932	0
2933	0
2934	0
2935	5218.3936
2936	0
2937	0
2938	733.8366
2939	0
2940	1916.1289
2941	0
2942	0
2943	0
2944	0
2945	285.3809
2946	326.1496
2947	693.0679
2948	978.4488
2949	815.374
2950	0
2951	0
2952	0
2953	0
2954	0
2955	0
2956	0
2957	0
2958	0
2959	2242.2785
2960	0
2961	0
2962	0
2963	326.1496
2964	937.6801
2965	0
2966	0
2967	0
2968	0
2969	0
2970	0
2971	0
2972	0
2973	0
2974	0
2975	0
2976	0
2977	0
2978	0
2979	0
2980	0
2981	326.1496
2982	0
2983	1630.748
2984	2649.9655
2985	0
2986	326.1496
2987	0
2988	0
2989	0
2990	326.1496
2991	896.9114
2992	1141.5236
2993	693.0679
2994	0
2995	0
2996	326.1496
2997	1630.748
2998	0
2999	0
3000	0
3001	366.9183
3002	0
3003	0
3004	0
3005	0
3006	0
3007	1019.2175
3008	1671.5167
3009	489.2244
3010	0
3011	0
3012	285.3809
3013	0
3014	0
3015	1956.8976
3016	652.2992
3017	0
3018	0
3019	0
3020	366.9183
3021	815.374
3022	0
3023	0
3024	0
3025	0
3026	0
3027	0
3028	0
3029	0
3030	0
3031	4076.87
3032	0
3033	285.3809
3034	0
3035	0
3036	1100.7549
3037	0
3038	0
3039	0
3040	0
3041	0
3042	733.8366
3043	285.3809
3044	937.6801
3045	693.0679
3046	0
3047	0
3048	0
3049	0
3050	0
3051	285.3809
3052	0
3053	0
3054	0
3055	4321.4822
3056	0
3057	326.1496
3058	0
3059	0
3060	733.8366
3061	0
3062	326.1496
3063	0
3064	366.9183
3065	326.1496
3066	1059.9862
3067	407.687
3068	0
3069	0
3070	0
3071	0
3072	0
3073	0
3074	0
3075	0
3076	366.9183
3077	0
3078	0
3079	4199.1761
3080	0
3081	0
3082	285.3809
3083	0
3084	1549.2106
3085	407.687
3086	0
3087	0
3088	0
3089	326.1496
3090	0
3091	366.9183
3092	733.8366
3093	652.2992
3094	0
3095	0
3096	0
3097	0
3098	0
3099	0
3100	0
3101	0
3102	0
3103	3383.8021
3104	0
3105	0
3106	0
3107	407.687
3108	1263.8297
3109	0
3110	0
3111	0
3112	0
3113	0
3114	285.3809
3115	285.3809
3116	611.5305
3117	366.9183
3118	0
3119	0
3120	0
3121	0
3122	0
3123	0
3124	0
3125	0
3126	0
3127	2976.1151
3128	0
3129	326.1496
3130	0
3131	0
3132	1508.4419
3133	0
3134	326.1496
3135	0
3136	0
3137	0
3138	366.9183
3139	937.6801
3140	1019.2175
3141	0
3142	0
3143	0
3144	0
3145	326.1496
3146	0
3147	366.9183
3148	0
3149	326.1496
3150	326.1496
3151	856.1427
3152	2853.809
3153	0
3154	0
3155	570.7618
3156	244.6122
3157	0
3158	0
3159	326.1496
3160	326.1496
3161	0
3162	978.4488
3163	366.9183
3164	285.3809
3165	1304.5984
3166	0
3167	0
3168	326.1496
3169	0
3170	0
3171	0
3172	0
3173	0
3174	326.1496
3175	1589.9793
3176	2568.4281
3177	0
3178	366.9183
3179	733.8366
3180	0
3181	0
3182	0
3183	693.0679
3184	1916.1289
3185	366.9183
3186	0
3187	0
3188	693.0679
3189	244.6122
3190	244.6122
3191	0
3192	0
3193	0
3194	0
3195	0
3196	0
3197	0
3198	0
3199	3016.8838
3200	0
3201	0
3202	0
3203	0
3204	1630.748
3205	0
3206	0
3207	0
3208	0
3209	0
3210	0
3211	1263.8297
3212	0
3213	285.3809
3214	0
3215	0
3216	448.4557
3217	285.3809
3218	0
3219	0
3220	0
3221	0
3222	0
3223	3179.9586
3224	285.3809
3225	0
3226	244.6122
3227	326.1496
3228	1386.1358
3229	0
3230	0
3231	0
3232	0
3233	0
3234	1059.9862
3235	285.3809
3236	326.1496
3237	366.9183
3238	326.1496
3239	0
3240	0
3241	0
3242	0
3243	0
3244	0
3245	0
3246	0
3247	3954.5639
3248	0
3249	0
3250	0
3251	244.6122
3252	1671.5167
3253	0
3254	0
3255	326.1496
3256	0
3257	0
3258	285.3809
3259	244.6122
3260	774.6053
3261	366.9183
3262	0
3263	285.3809
3264	0
3265	0
3266	0
3267	0
3268	0
3269	0
3270	0
3271	3791.4891
3272	366.9183
3273	0
3274	0
3275	0
3276	1589.9793
3277	0
3278	326.1496
3279	0
3280	0
3281	0
3282	693.0679
3283	652.2992
3284	326.1496
3285	0
3286	0
3287	0
3288	0
3289	0
3290	0
3291	0
3292	0
3293	0
3294	0
3295	4729.1692
3296	0
3297	0
3298	0
3299	285.3809
3300	611.5305
3301	285.3809
3302	0
3303	0
3304	285.3809
3305	0
3306	856.1427
3307	0
3308	407.687
3309	0
3310	0
3311	0
3312	0
3313	0
3314	0
3315	0
3316	0
3317	0
3318	0
3319	2405.3533
3320	2935.3464
3321	0
3322	0
3323	326.1496
3324	0
3325	0
3326	0
3327	1386.1358
3328	652.2992
3329	366.9183
3330	0
3331	0
3332	856.1427
3333	326.1496
3334	0
3335	285.3809
3336	0
3337	0
3338	326.1496
3339	326.1496
3340	326.1496
3341	0
3342	0
3343	1345.3671
3344	896.9114
3345	0
3346	0
3347	0
3348	448.4557
3349	366.9183
3350	0
3351	1956.8976
3352	1508.4419
3353	693.0679
3354	326.1496
3355	0
3356	366.9183
3357	0
3358	326.1496
3359	0
3360	0
3361	0
3362	0
3363	0
3364	0
3365	0
3366	0
3367	2119.9724
3368	0
3369	0
3370	0
3371	0
3372	570.7618
3373	0
3374	0
3375	0
3376	611.5305
3377	366.9183
3378	896.9114
3379	0
3380	244.6122
3381	489.2244
3382	0
3383	0
3384	0
3385	0
3386	0
3387	0
3388	0
3389	0
3390	0
3391	4851.4753
3392	0
3393	0
3394	0
3395	0
3396	693.0679
3397	0
3398	0
3399	0
3400	0
3401	0
3402	0
3403	244.6122
3404	326.1496
3405	896.9114
3406	0
3407	0
3408	0
3409	0
3410	0
3411	0
3412	0
3413	0
3414	0
3415	3179.9586
3416	0
3417	0
3418	0
3419	0
3420	1386.1358
3421	0
3422	0
3423	326.1496
3424	0
3425	0
3426	285.3809
3427	0
3428	366.9183
3429	0
3430	0
3431	0
3432	0
3433	0
3434	366.9183
3435	0
3436	0
3437	0
3438	0
3439	3750.7204
3440	0
3441	0
3442	244.6122
3443	0
3444	1426.9045
3445	0
3446	0
3447	0
3448	0
3449	0
3450	285.3809
3451	326.1496
3452	0
3453	285.3809
3454	0
3455	0
3456	0
3457	0
3458	0
3459	0
3460	0
3461	0
3462	0
3463	2405.3533
3464	0
3465	0
3466	0
3467	0
3468	2283.0472
3469	0
3470	326.1496
3471	0
3472	0
3473	0
3474	0
3475	896.9114
3476	1426.9045
3477	407.687
3478	0
3479	0
3480	0
3481	0
3482	0
3483	0
3484	326.1496
3485	0
3486	0
3487	2079.2037
3488	3383.8021
3489	326.1496
3490	366.9183
3491	366.9183
3492	0
3493	366.9183
3494	0
3495	285.3809
3496	1263.8297
3497	0
3498	0
3499	326.1496
3500	285.3809
3501	529.9931
3502	733.8366
3503	0
3504	366.9183
3505	0
3506	0
3507	0
3508	0
3509	0
3510	0
3511	2364.5846
3512	1671.5167
3513	0
3514	0
3515	0
3516	407.687
3517	0
3518	0
3519	2119.9724
3520	937.6801
3521	407.687
3522	0
3523	326.1496
3524	652.2992
3525	0
3526	326.1496
3527	0
3528	0
3529	0
3530	0
3531	0
3532	0
3533	0
3534	0
3535	3465.3395
3536	0
3537	0
3538	326.1496
3539	326.1496
3540	937.6801
3541	407.687
3542	0
3543	0
3544	285.3809
3545	0
3546	326.1496
3547	652.2992
3548	366.9183
3549	366.9183
3550	0
3551	0
3552	0
3553	0
3554	0
3555	0
3556	0
3557	0
3558	0
3559	4239.9448
3560	0
3561	0
3562	0
3563	0
3564	1671.5167
3565	0
3566	774.6053
3567	0
3568	0
3569	0
3570	978.4488
3571	244.6122
3572	1019.2175
3573	326.1496
3574	0
3575	0
3576	0
3577	0
3578	0
3579	0
3580	0
3581	0
3582	0
3583	5177.6249
3584	937.6801
3585	0
3586	0
3587	0
3588	1345.3671
3589	285.3809
3590	0
3591	244.6122
3592	0
3593	0
3594	0
3595	896.9114
3596	366.9183
3597	611.5305
3598	0
3599	0
3600	0
3601	0
3602	0
3603	0
3604	0
3605	0
3606	0
3607	2731.5029
3608	0
3609	244.6122
3610	0
3611	0
3612	1875.3602
3613	0
3614	0
3615	0
3616	0
3617	326.1496
3618	896.9114
3619	570.7618
3620	774.6053
3621	0
3622	0
3623	0
3624	0
3625	0
3626	0
3627	0
3628	0
3629	0
3630	0
3631	4606.8631
3632	0
3633	326.1496
3634	0
3635	0
3636	407.687
3637	0
3638	693.0679
3639	326.1496
3640	0
3641	0
3642	0
3643	0
3644	733.8366
3645	244.6122
3646	0
3647	0
3648	0
3649	0
3650	0
3651	285.3809
3652	0
3653	0
3654	285.3809
3655	2446.122
3656	1712.2854
3657	0
3658	244.6122
3659	0
3660	0
3661	326.1496
3662	0
3663	611.5305
3664	244.6122
3665	0
3666	0
3667	0
3668	366.9183
3669	1223.061
3670	448.4557
3671	244.6122
3672	0
3673	0
3674	0
3675	0
3676	0
3677	0
3678	0
3679	2160.7411
3680	1263.8297
3681	0
3682	0
3683	366.9183
3684	0
3685	0
3686	0
3687	2119.9724
3688	1059.9862
3689	0
3690	0
3691	244.6122
3692	366.9183
3693	407.687
3694	0
3695	0
3696	0
3697	0
3698	0
3699	0
3700	0
3701	0
3702	0
3703	1997.6663
3704	0
3705	448.4557
3706	366.9183
3707	0
3708	2119.9724
3709	0
3710	0
3711	489.2244
3712	0
3713	0
3714	326.1496
3715	0
3716	285.3809
3717	285.3809
3718	0
3719	0
3720	0
3721	0
3722	0
3723	0
3724	0
3725	0
3726	244.6122
3727	3016.8838
3728	285.3809
3729	0
3730	326.1496
3731	326.1496
3732	978.4488
3733	0
3734	0
3735	0
3736	448.4557
3737	0
3738	570.7618
3739	1386.1358
3740	0
3741	0
3742	0
3743	0
3744	0
3745	0
3746	0
3747	0
3748	0
3749	0
3750	0
3751	4239.9448
3752	0
3753	0
3754	0
3755	0
3756	1671.5167
3757	0
3758	285.3809
3759	0
3760	0
3761	0
3762	0
3763	366.9183
3764	611.5305
3765	856.1427
3766	244.6122
3767	0
3768	0
3769	0
3770	0
3771	0
3772	0
3773	0
3774	0
3775	5503.7745
3776	366.9183
3777	0
3778	0
3779	0
3780	1467.6732
3781	0
3782	0
3783	326.1496
3784	0
3785	285.3809
3786	407.687
3787	244.6122
3788	0
3789	244.6122
3790	0
3791	0
3792	0
3793	0
3794	0
3795	0
3796	0
3797	0
3798	0
3799	4321.4822
3800	0
3801	693.0679
3802	611.5305
3803	0
3804	1345.3671
3805	0
3806	244.6122
3807	0
3808	0
3809	0
3810	244.6122
3811	0
3812	1549.2106
3813	326.1496
3814	0
3815	0
3816	0
3817	0
3818	0
3819	0
3820	0
3821	366.9183
3822	0
3823	2813.0403
3824	3179.9586
3825	0
3826	1059.9862
3827	285.3809
3828	0
3829	0
3830	0
3831	1223.061
3832	2283.0472
3833	611.5305
3834	0
3835	0
3836	407.687
3837	652.2992
3838	0
3839	0
3840	366.9183
3841	0
3842	0
3843	0
3844	0
3845	0
3846	0
3847	3709.9517
3848	3709.9517
3849	0
3850	0
3851	0
3852	0
3853	0
3854	0
3855	1875.3602
3856	733.8366
3857	0
3858	285.3809
3859	0
3860	366.9183
3861	652.2992
3862	0
3863	0
3864	0
3865	0
3866	0
3867	0
3868	0
3869	0
3870	0
3871	3709.9517
3872	448.4557
3873	0
3874	1100.7549
3875	0
3876	570.7618
3877	0
3878	0
3879	0
3880	0
3881	0
3882	407.687
3883	366.9183
3884	407.687
3885	244.6122
3886	0
3887	0
3888	0
3889	0
3890	0
3891	0
3892	0
3893	0
3894	0
3895	3383.8021
3896	0
3897	0
3898	326.1496
3899	0
3900	1386.1358
3901	0
3902	326.1496
3903	0
3904	733.8366
3905	0
3906	611.5305
3907	0
3908	0
3909	611.5305
3910	0
3911	0
3912	0
3913	0
3914	0
3915	0
3916	0
3917	0
3918	326.1496
3919	5177.6249
3920	0
3921	0
3922	0
3923	366.9183
3924	1589.9793
3925	0
3926	0
3927	0
3928	0
3929	407.687
3930	366.9183
3931	0
3932	0
3933	0
3934	0
3935	0
3936	0
3937	0
3938	0
3939	0
3940	0
3941	0
3942	0
3943	3587.6456
3944	0
3945	0
3946	0
3947	285.3809
3948	652.2992
3949	0
3950	0
3951	0
3952	0
3953	244.6122
3954	326.1496
3955	1059.9862
3956	0
3957	1019.2175
3958	0
3959	0
3960	0
3961	0
3962	0
3963	0
3964	0
3965	0
3966	0
3967	3016.8838
3968	0
3969	0
3970	0
3971	0
3972	652.2992
3973	0
3974	0
3975	0
3976	0
3977	0
3978	1182.2923
3979	285.3809
3980	366.9183
3981	815.374
3982	0
3983	0
3984	407.687
3985	326.1496
3986	0
3987	0
3988	0
3989	0
3990	0
3991	3098.4212
3992	5014.5501
3993	0
3994	0
3995	0
3996	0
3997	0
3998	0
3999	1712.2854
4000	774.6053
4001	0
4002	0
4003	366.9183
4004	285.3809
4005	0
4006	652.2992
4007	326.1496
4008	0
4009	0
4010	0
4011	0
4012	0
4013	0
4014	0
4015	1100.7549
4016	2160.7411
4017	326.1496
4018	0
4019	0
4020	326.1496
4021	0
4022	0
4023	1630.748
4024	978.4488
4025	0
4026	0
4027	0
4028	0
4029	407.687
4030	285.3809
4031	0
4032	0
4033	0
4034	0
4035	0
4036	0
4037	0
4038	0
4039	2813.0403
4040	326.1496
4041	0
4042	244.6122
4043	0
4044	1019.2175
4045	0
4046	448.4557
4047	366.9183
4048	285.3809
4049	0
4050	285.3809
4051	0
4052	244.6122
4053	774.6053
4054	0
4055	0
4056	0
4057	0
4058	0
4059	0
4060	0
4061	0
4062	0
4063	4484.557
4064	0
4065	0
4066	0
4067	0
4068	1712.2854
4069	0
4070	733.8366
4071	0
4072	0
4073	0
4074	652.2992
4075	285.3809
4076	407.687
4077	611.5305
4078	0
4079	0
4080	0
4081	0
4082	0
4083	0
4084	0
4085	0
4086	0
4087	3139.1899
4088	0
4089	0
4090	407.687
4091	0
4092	1386.1358
4093	407.687
4094	285.3809
4095	448.4557
4096	0
4097	366.9183
4098	0
4099	326.1496
4100	693.0679
4101	326.1496
4102	0
4103	0
4104	0
4105	0
4106	0
4107	0
4108	0
4109	0
4110	0
4111	4239.9448
4112	0
4113	0
4114	0
4115	0
4116	2405.3533
4117	0
4118	0
4119	285.3809
4120	733.8366
4121	0
4122	0
4123	611.5305
4124	1059.9862
4125	366.9183
4126	0
4127	0
4128	0
4129	0
4130	0
4131	0
4132	0
4133	0
4134	0
4135	5381.4684
4136	366.9183
4137	0
4138	326.1496
4139	0
4140	326.1496
4141	0
4142	0
4143	0
4144	0
4145	326.1496
4146	0
4147	0
4148	0
4149	774.6053
4150	0
4151	0
4152	0
4153	0
4154	0
4155	0
4156	0
4157	0
4158	0
4159	1100.7549
4160	3302.2647
4161	0
4162	0
4163	0
4164	0
4165	0
4166	244.6122
4167	1059.9862
4168	2119.9724
4169	0
4170	0
4171	0
4172	0
4173	652.2992
4174	407.687
4175	326.1496
4176	0
4177	0
4178	366.9183
4179	0
4180	0
4181	0
4182	0
4183	2323.8159
4184	2486.8907
4185	0
4186	0
4187	0
4188	0
4189	0
4190	0
4191	1019.2175
4192	1100.7549
4193	0
4194	0
4195	0
4196	285.3809
4197	0
4198	285.3809
4199	366.9183
4200	0
4201	0
4202	0
4203	407.687
4204	0
4205	0
4206	0
4207	6359.9172
4208	0
4209	326.1496
4210	0
4211	0
4212	529.9931
4213	0
4214	0
4215	366.9183
4216	0
4217	0
4218	0
4219	366.9183
4220	0
4221	652.2992
4222	0
4223	366.9183
4224	0
4225	0
4226	0
4227	0
4228	0
4229	0
4230	0
4231	3669.183
4232	0
4233	0
4234	0
4235	326.1496
4236	1386.1358
4237	285.3809
4238	244.6122
4239	0
4240	0
4241	326.1496
4242	856.1427
4243	0
4244	0
4245	407.687
4246	0
4247	0
4248	0
4249	0
4250	407.687
4251	0
4252	0
4253	0
4254	0
4255	2242.2785
4256	0
4257	0
4258	0
4259	244.6122
4260	652.2992
4261	0
4262	0
4263	0
4264	0
4265	0
4266	693.0679
4267	529.9931
4268	0
4269	407.687
4270	0
4271	0
4272	0
4273	0
4274	0
4275	0
4276	0
4277	0
4278	0
4279	2690.7342
4280	0
4281	326.1496
4282	0
4283	0
4284	2568.4281
4285	244.6122
4286	0
4287	0
4288	0
4289	0
4290	407.687
4291	1059.9862
4292	896.9114
4293	0
4294	0
4295	0
4296	0
4297	0
4298	0
4299	0
4300	0
4301	0
4302	0
4303	3669.183
4304	0
4305	0
4306	0
4307	0
4308	1997.6663
4309	285.3809
4310	285.3809
4311	0
4312	0
4313	326.1496
4314	407.687
4315	285.3809
4316	326.1496
4317	366.9183
4318	0
4319	0
4320	0
4321	0
4322	0
4323	0
4324	0
4325	0
4326	0
4327	2976.1151
4328	2283.0472
4329	244.6122
4330	0
4331	285.3809
4332	0
4333	0
4334	244.6122
4335	2609.1968
4336	1508.4419
4337	285.3809
4338	326.1496
4339	0
4340	1263.8297
4341	285.3809
4342	326.1496
4343	0
4344	0
4345	0
4346	0
4347	0
4348	0
4349	652.2992
4350	0
4351	774.6053
4352	1997.6663
4353	407.687
4354	326.1496
4355	326.1496
4356	0
4357	0
4358	285.3809
4359	285.3809
4360	1223.061
4361	0
4362	285.3809
4363	0
4364	652.2992
4365	285.3809
4366	448.4557
4367	0
4368	0
4369	0
4370	0
4371	0
4372	0
4373	0
4374	0
4375	3383.8021
4376	326.1496
4377	0
4378	0
4379	285.3809
4380	1019.2175
4381	0
4382	0
4383	0
4384	326.1496
4385	407.687
4386	285.3809
4387	611.5305
4388	285.3809
4389	326.1496
4390	0
4391	0
4392	0
4393	0
4394	0
4395	0
4396	0
4397	0
4398	407.687
4399	4933.0127
4400	0
4401	0
4402	326.1496
4403	0
4404	0
4405	0
4406	0
4407	0
4408	366.9183
4409	0
4410	0
4411	0
4412	611.5305
4413	652.2992
4414	0
4415	0
4416	0
4417	0
4418	0
4419	0
4420	0
4421	0
4422	0
4423	4362.2509
4424	0
4425	0
4426	0
4427	326.1496
4428	1059.9862
4429	366.9183
4430	0
4431	0
4432	0
4433	0
4434	1019.2175
4435	285.3809
4436	366.9183
4437	326.1496
4438	0
4439	0
4440	0
4441	0
4442	0
4443	0
4444	0
4445	0
4446	0
4447	3465.3395
4448	0
4449	0
4450	0
4451	0
4452	1916.1289
4453	0
4454	0
4455	0
4456	326.1496
4457	0
4458	0
4459	0
4460	326.1496
4461	0
4462	0
4463	0
4464	0
4465	0
4466	0
4467	0
4468	0
4469	0
4470	0
4471	2772.2716
4472	0
4473	0
4474	0
4475	0
4476	1671.5167
4477	0
4478	0
4479	0
4480	0
4481	0
4482	407.687
4483	244.6122
4484	693.0679
4485	0
4486	0
4487	0
4488	0
4489	0
4490	0
4491	0
4492	0
4493	0
4494	366.9183
4495	1834.5915
4496	2690.7342
4497	0
4498	0
4499	0
4500	0
4501	244.6122
4502	326.1496
4503	0
4504	611.5305
4505	366.9183
4506	0
4507	285.3809
4508	0
4509	407.687
4510	285.3809
4511	0
4512	0
4513	0
4514	244.6122
4515	0
4516	285.3809
4517	0
4518	0
4519	2160.7411
4520	1589.9793
4521	0
4522	285.3809
4523	0
4524	0
4525	244.6122
4526	0
4527	815.374
4528	1100.7549
4529	0
4530	0
4531	0
4532	0
4533	366.9183
4534	285.3809
4535	0
4536	0
4537	0
4538	0
4539	0
4540	0
4541	0
4542	0
4543	3016.8838
4544	0
4545	0
4546	0
4547	0
4548	1630.748
4549	0
4550	0
4551	0
4552	0
4553	0
4554	366.9183
4555	733.8366
4556	285.3809
4557	407.687
4558	0
4559	0
4560	0
4561	0
4562	0
4563	0
4564	0
4565	0
4566	0
4567	3506.1082
4568	0
4569	366.9183
4570	244.6122
4571	0
4572	1304.5984
4573	0
4574	285.3809
4575	366.9183
4576	0
4577	0
4578	0
4579	0
4580	0
4581	448.4557
4582	0
4583	0
4584	0
4585	0
4586	0
4587	0
4588	0
4589	0
4590	0
4591	3179.9586
4592	0
4593	0
4594	0
4595	326.1496
4596	244.6122
4597	0
4598	0
4599	366.9183
4600	0
4601	0
4602	693.0679
4603	326.1496
4604	285.3809
4605	0
4606	0
4607	0
4608	0
4609	0
4610	652.2992
4611	0
4612	0
4613	0
4614	0
4615	6074.5363
4616	0
4617	0
4618	570.7618
4619	0
4620	448.4557
4621	0
4622	366.9183
4623	0
4624	0
4625	0
4626	326.1496
4627	0
4628	0
4629	652.2992
4630	366.9183
4631	0
4632	0
4633	0
4634	0
4635	0
4636	0
4637	0
4638	0
4639	3832.2578
4640	0
4641	0
4642	0
4643	285.3809
4644	1263.8297
4645	0
4646	366.9183
4647	0
4648	0
4649	0
4650	693.0679
4651	570.7618
4652	733.8366
4653	366.9183
4654	0
4655	0
4656	326.1496
4657	0
4658	0
4659	326.1496
4660	0
4661	0
4662	0
4663	2568.4281
4664	2201.5098
4665	0
4666	0
4667	0
4668	0
4669	0
4670	0
4671	856.1427
4672	1223.061
4673	407.687
4674	407.687
4675	0
4676	570.7618
4677	0
4678	0
4679	0
4680	0
4681	0
4682	0
4683	326.1496
4684	0
4685	0
4686	326.1496
4687	1630.748
4688	366.9183
4689	0
4690	0
4691	0
4692	0
4693	0
4694	0
4695	693.0679
4696	1345.3671
4697	0
4698	0
4699	366.9183
4700	0
4701	652.2992
4702	489.2244
4703	0
4704	0
4705	0
4706	0
4707	0
4708	0
4709	0
4710	0
4711	3546.8769
4712	407.687
4713	326.1496
4714	0
4715	366.9183
4716	2119.9724
4717	0
4718	0
4719	0
4720	529.9931
4721	0
4722	366.9183
4723	366.9183
4724	1304.5984
4725	366.9183
4726	0
4727	0
4728	0
4729	0
4730	0
4731	0
4732	0
4733	0
4734	0
4735	4036.1013
4736	326.1496
4737	0
4738	0
4739	0
4740	937.6801
4741	0
4742	0
4743	366.9183
4744	448.4557
4745	0
4746	285.3809
4747	326.1496
4748	0
4749	937.6801
4750	0
4751	0
4752	0
4753	0
4754	0
4755	0
4756	0
4757	0
4758	0
4759	1997.6663
4760	285.3809
4761	366.9183
4762	0
4763	0
4764	978.4488
4765	0
4766	0
4767	326.1496
4768	326.1496
4769	0
4770	1100.7549
4771	326.1496
4772	774.6053
4773	733.8366
4774	0
4775	0
4776	0
4777	0
4778	0
4779	0
4780	0
4781	0
4782	0
4783	3587.6456
4784	0
4785	0
4786	0
4787	0
4788	1304.5984
4789	0
4790	0
4791	0
4792	366.9183
4793	0
4794	0
4795	529.9931
4796	611.5305
4797	1019.2175
4798	0
4799	0
4800	0
4801	0
4802	0
4803	0
4804	0
4805	0
4806	0
4807	5748.3867
4808	0
4809	0
4810	244.6122
4811	0
4812	652.2992
4813	0
4814	0
4815	0
4816	0
4817	0
4818	0
4819	0
4820	285.3809
4821	733.8366
4822	0
4823	244.6122
4824	0
4825	0
4826	0
4827	366.9183
4828	0
4829	0
4830	0
4831	2527.6594
4832	1630.748
4833	0
4834	652.2992
4835	0
4836	285.3809
4837	1019.2175
4838	0
4839	1386.1358
4840	1793.8228
4841	0
4842	0
4843	0
4844	285.3809
4845	0
4846	285.3809
4847	0
4848	0
4849	0
4850	0
4851	0
4852	0
4853	0
4854	0
4855	2731.5029
4856	1753.0541
4857	0
4858	0
4859	285.3809
4860	0
4861	0
4862	0
4863	1916.1289
4864	1549.2106
4865	0
4866	326.1496
4867	326.1496
4868	244.6122
4869	0
4870	0
4871	407.687
4872	0
4873	0
4874	0
4875	0
4876	0
4877	0
4878	0
4879	4647.6318
4880	285.3809
4881	0
4882	407.687
4883	0
4884	1059.9862
4885	0
4886	0
4887	0
4888	285.3809
4889	0
4890	611.5305
4891	285.3809
4892	856.1427
4893	366.9183
4894	0
4895	0
4896	407.687
4897	0
4898	0
4899	448.4557
4900	0
4901	0
4902	0
4903	3424.5708
4904	0
4905	0
4906	0
4907	0
4908	978.4488
4909	0
4910	0
4911	326.1496
4912	0
4913	0
4914	0
4915	815.374
4916	0
4917	978.4488
4918	0
4919	0
4920	0
4921	0
4922	0
4923	0
4924	0
4925	0
4926	0
4927	2935.3464
4928	285.3809
4929	0
4930	0
4931	0
4932	693.0679
4933	0
4934	0
4935	0
4936	0
4937	407.687
4938	0
4939	0
4940	570.7618
4941	326.1496
4942	0
4943	0
4944	0
4945	0
4946	0
4947	0
4948	0
4949	0
4950	0
4951	3750.7204
4952	366.9183
4953	448.4557
4954	0
4955	0
4956	856.1427
4957	0
4958	0
4959	0
4960	0
4961	0
4962	570.7618
4963	285.3809
4964	611.5305
4965	0
4966	0
4967	0
4968	0
4969	0
4970	0
4971	0
4972	0
4973	0
4974	0
4975	3587.6456
4976	0
4977	0
4978	0
4979	0
4980	1793.8228
4981	0
4982	0
4983	0
4984	0
4985	285.3809
4986	1223.061
4987	0
4988	733.8366
4989	611.5305
4990	0
4991	0
4992	0
4993	0
4994	0
4995	0
4996	0
4997	0
4998	0
4999	1589.9793
5000	1549.2106
5001	0
5002	366.9183
5003	285.3809
5004	0
5005	733.8366
5006	0
5007	1059.9862
5008	1386.1358
5009	0
5010	0
5011	0
5012	896.9114
5013	407.687
5014	448.4557
5015	0
5016	0
5017	0
5018	0
5019	0
5020	0
5021	0
5022	0
5023	1589.9793
5024	3628.4143
5025	285.3809
5026	285.3809
5027	0
5028	0
5029	0
5030	0
5031	815.374
5032	2323.8159
5033	285.3809
5034	0
5035	0
5036	285.3809
5037	0
5038	0
5039	0
5040	0
5041	0
5042	0
5043	0
5044	0
5045	0
5046	0
5047	3261.496
5048	0
5049	0
5050	0
5051	0
5052	1019.2175
5053	407.687
5054	0
5055	326.1496
5056	0
5057	0
5058	366.9183
5059	0
5060	326.1496
5061	244.6122
5062	0
5063	0
5064	0
5065	0
5066	0
5067	0
5068	0
5069	0
5070	0
5071	4036.1013
5072	0
5073	407.687
5074	285.3809
5075	285.3809
5076	652.2992
5077	0
5078	0
5079	0
5080	0
5081	0
5082	366.9183
5083	0
5084	733.8366
5085	896.9114
5086	0
5087	0
5088	0
5089	0
5090	0
5091	285.3809
5092	0
5093	0
5094	0
5095	5503.7745
5096	0
5097	0
5098	0
5099	407.687
5100	937.6801
5101	407.687
5102	0
5103	0
5104	0
5105	0
5106	0
5107	529.9931
5108	326.1496
5109	366.9183
5110	0
5111	0
5112	0
5113	0
5114	0
5115	0
5116	0
5117	0
5118	0
5119	4239.9448
5120	0
5121	326.1496
5122	0
5123	326.1496
5124	1712.2854
5125	0
5126	0
5127	0
5128	326.1496
5129	0
5130	0
5131	0
5132	244.6122
5133	326.1496
5134	0
5135	0
5136	0
5137	0
5138	0
5139	0
5140	0
5141	0
5142	0
5143	4892.244
5144	0
5145	0
5146	0
5147	0
5148	2201.5098
5149	0
5150	0
5151	0
5152	0
5153	326.1496
5154	285.3809
5155	285.3809
5156	407.687
5157	0
5158	0
5159	0
5160	0
5161	0
5162	0
5163	0
5164	0
5165	0
5166	0
5167	1875.3602
5168	1549.2106
5169	326.1496
5170	0
5171	366.9183
5172	407.687
5173	0
5174	0
5175	407.687
5176	1549.2106
5177	326.1496
5178	0
5179	0
5180	0
5181	611.5305
5182	1386.1358
5183	0
5184	0
5185	0
5186	0
5187	0
5188	0
5189	0
5190	693.0679
5191	2976.1151
5192	2038.435
5193	366.9183
5194	366.9183
5195	0
5196	0
5197	0
5198	0
5199	1263.8297
5200	326.1496
5201	0
5202	0
5203	0
5204	244.6122
5205	326.1496
5206	0
5207	0
5208	0
5209	0
5210	0
5211	0
5212	0
5213	0
5214	0
5215	2894.5777
5216	366.9183
5217	285.3809
5218	652.2992
5219	326.1496
5220	978.4488
5221	0
5222	0
5223	366.9183
5224	0
5225	0
5226	570.7618
5227	326.1496
5228	0
5229	1386.1358
5230	0
5231	0
5232	0
5233	0
5234	0
5235	0
5236	0
5237	0
5238	0
5239	1589.9793
5240	0
5241	0
5242	0
5243	0
5244	733.8366
5245	326.1496
5246	285.3809
5247	0
5248	0
5249	0
5250	285.3809
5251	366.9183
5252	285.3809
5253	366.9183
5254	0
5255	0
5256	0
5257	0
5258	0
5259	0
5260	0
5261	0
5262	0
5263	4036.1013
5264	733.8366
5265	0
5266	0
5267	0
5268	326.1496
5269	0
5270	0
5271	0
5272	0
5273	0
5274	652.2992
5275	285.3809
5276	407.687
5277	0
5278	0
5279	285.3809
5280	0
5281	0
5282	0
5283	0
5284	0
5285	0
5286	0
5287	2731.5029
5288	0
5289	0
5290	0
5291	0
5292	2201.5098
5293	0
5294	407.687
5295	366.9183
5296	285.3809
5297	0
5298	652.2992
5299	0
5300	693.0679
5301	652.2992
5302	0
5303	0
5304	0
5305	0
5306	0
5307	0
5308	0
5309	0
5310	0
5311	2242.2785
5312	326.1496
5313	0
5314	0
5315	285.3809
5316	1304.5984
5317	0
5318	0
5319	0
5320	326.1496
5321	0
5322	0
5323	733.8366
5324	326.1496
5325	896.9114
5326	0
5327	0
5328	366.9183
5329	0
5330	0
5331	0
5332	0
5333	0
5334	0
5335	1263.8297
5336	1834.5915
5337	0
5338	0
5339	0
5340	733.8366
5341	0
5342	0
5343	326.1496
5344	896.9114
5345	0
5346	0
5347	366.9183
5348	448.4557
5349	733.8366
5350	1630.748
5351	0
5352	0
5353	0
5354	0
5355	0
5356	0
5357	0
5358	366.9183
5359	2853.809
5360	1997.6663
5361	0
5362	0
5363	0
5364	0
5365	0
5366	0
5367	326.1496
5368	1223.061
5369	693.0679
5370	0
5371	366.9183
5372	0
5373	285.3809
5374	693.0679
5375	0
5376	0
5377	0
5378	0
5379	0
5380	326.1496
5381	0
5382	0
5383	3832.2578
5384	0
5385	0
5386	0
5387	0
5388	1997.6663
5389	0
5390	0
5391	326.1496
5392	0
5393	366.9183
5394	326.1496
5395	0
5396	285.3809
5397	978.4488
5398	0
5399	0
5400	0
5401	0
5402	326.1496
5403	366.9183
5404	0
5405	0
5406	0
5407	4566.0944
5408	0
5409	693.0679
5410	0
5411	0
5412	937.6801
5413	0
5414	0
5415	733.8366
5416	407.687
5417	366.9183
5418	652.2992
5419	366.9183
5420	366.9183
5421	0
5422	0
5423	0
5424	0
5425	0
5426	0
5427	0
5428	0
5429	0
5430	0
5431	2609.1968
5432	0
5433	0
5434	407.687
5435	0
5436	1712.2854
5437	0
5438	0
5439	0
5440	0
5441	0
5442	0
5443	611.5305
5444	611.5305
5445	0
5446	326.1496
5447	0
5448	0
5449	0
5450	0
5451	407.687
5452	0
5453	0
5454	0
5455	2813.0403
5456	0
5457	366.9183
5458	0
5459	0
5460	326.1496
5461	0
5462	285.3809
5463	0
5464	0
5465	0
5466	244.6122
5467	285.3809
5468	285.3809
5469	611.5305
5470	0
5471	0
5472	0
5473	0
5474	0
5475	0
5476	0
5477	0
5478	0
5479	3913.7952
5480	0
5481	0
5482	0
5483	0
5484	1304.5984
5485	0
5486	0
5487	366.9183
5488	366.9183
5489	326.1496
5490	1141.5236
5491	978.4488
5492	407.687
5493	570.7618
5494	0
5495	0
5496	0
5497	0
5498	0
5499	0
5500	0
5501	285.3809
5502	0
5503	1630.748
5504	3832.2578
5505	0
5506	448.4557
5507	0
5508	0
5509	0
5510	0
5511	1182.2923
5512	1712.2854
5513	0
5514	0
5515	0
5516	652.2992
5517	448.4557
5518	244.6122
5519	0
5520	0
5521	0
5522	0
5523	285.3809
5524	0
5525	0
5526	0
5527	1426.9045
5528	1345.3671
5529	285.3809
5530	0
5531	0
5532	0
5533	652.2992
5534	0
5535	0
5536	611.5305
5537	0
5538	0
5539	0
5540	0
5541	0
5542	326.1496
5543	0
5544	0
5545	0
5546	0
5547	0
5548	0
5549	0
5550	0
5551	2731.5029
5552	0
5553	0
5554	0
5555	326.1496
5556	652.2992
5557	326.1496
5558	0
5559	326.1496
5560	0
5561	0
5562	366.9183
5563	0
5564	652.2992
5565	1100.7549
5566	285.3809
5567	0
5568	0
5569	0
5570	0
5571	0
5572	0
5573	0
5574	0
5575	1956.8976
5576	0
5577	0
5578	0
5579	326.1496
5580	1182.2923
5581	0
5582	0
5583	326.1496
5584	244.6122
5585	326.1496
5586	326.1496
5587	244.6122
5588	285.3809
5589	244.6122
5590	0
5591	0
5592	0
5593	0
5594	326.1496
5595	0
5596	0
5597	0
5598	0
5599	5055.3188
5600	366.9183
5601	0
5602	0
5603	0
5604	407.687
5605	0
5606	0
5607	0
5608	0
5609	0
5610	978.4488
5611	0
5612	0
5613	326.1496
5614	0
5615	0
5616	0
5617	0
5618	0
5619	0
5620	0
5621	0
5622	0
5623	4933.0127
5624	407.687
5625	326.1496
5626	0
5627	0
5628	1426.9045
5629	0
5630	0
5631	0
5632	407.687
5633	0
5634	0
5635	244.6122
5636	285.3809
5637	326.1496
5638	0
5639	366.9183
5640	448.4557
5641	0
5642	0
5643	0
5644	0
5645	0
5646	0
5647	4362.2509
5648	0
5649	611.5305
5650	0
5651	0
5652	774.6053
5653	0
5654	0
5655	0
5656	0
5657	0
5658	0
5659	1467.6732
5660	366.9183
5661	733.8366
5662	326.1496
5663	0
5664	0
5665	0
5666	0
5667	0
5668	326.1496
5669	366.9183
5670	0
5671	1426.9045
5672	2853.809
5673	0
5674	0
5675	0
5676	0
5677	407.687
5678	0
5679	366.9183
5680	733.8366
5681	0
5682	0
5683	0
5684	693.0679
5685	0
5686	0
5687	0
5688	0
5689	0
5690	0
5691	0
5692	0
5693	0
5694	0
5695	1712.2854
5696	1630.748
5697	0
5698	0
5699	0
5700	0
5701	326.1496
5702	0
5703	285.3809
5704	611.5305
5705	0
5706	0
5707	0
5708	978.4488
5709	896.9114
5710	0
5711	407.687
5712	0
5713	407.687
5714	0
5715	0
5716	0
5717	0
5718	0
5719	2527.6594
5720	0
5721	0
5722	0
5723	774.6053
5724	1304.5984
5725	0
5726	366.9183
5727	0
5728	815.374
5729	0
5730	652.2992
5731	0
5732	407.687
5733	0
5734	0
5735	0
5736	0
5737	0
5738	326.1496
5739	0
5740	0
5741	0
5742	0
5743	4199.1761
5744	366.9183
5745	407.687
5746	366.9183
5747	0
5748	733.8366
5749	0
5750	326.1496
5751	0
5752	0
5753	0
5754	0
5755	326.1496
5756	407.687
5757	326.1496
5758	0
5759	0
5760	0
5761	0
5762	0
5763	0
5764	0
5765	0
5766	0
5767	3343.0334
5768	0
5769	366.9183
5770	366.9183
5771	0
5772	1263.8297
5773	285.3809
5774	0
5775	366.9183
5776	0
5777	407.687
5778	0
5779	1059.9862
5780	0
5781	366.9183
5782	0
5783	0
5784	0
5785	0
5786	0
5787	0
5788	0
5789	0
5790	0
5791	2568.4281
5792	407.687
5793	0
5794	0
5795	0
5796	856.1427
5797	0
5798	326.1496
5799	0
5800	366.9183
5801	0
5802	0
5803	0
5804	0
5805	570.7618
5806	0
5807	0
5808	0
5809	0
5810	0
5811	0
5812	0
5813	0
5814	0
5815	5177.6249
5816	0
5817	489.2244
5818	0
5819	0
5820	611.5305
5821	0
5822	0
5823	0
5824	0
5825	0
5826	0
5827	407.687
5828	733.8366
5829	285.3809
5830	0
5831	0
5832	0
5833	0
5834	0
5835	0
5836	0
5837	0
5838	0
5839	2853.809
5840	1059.9862
5841	0
5842	0
5843	407.687
5844	0
5845	285.3809
5846	0
5847	326.1496
5848	570.7618
5849	366.9183
5850	285.3809
5851	0
5852	0
5853	0
5854	774.6053
5855	0
5856	0
5857	0
5858	0
5859	0
5860	0
5861	0
5862	0
5863	1753.0541
5864	2079.2037
5865	0
5866	0
5867	407.687
5868	0
5869	0
5870	285.3809
5871	1019.2175
5872	0
5873	0
5874	0
5875	0
5876	285.3809
5877	0
5878	326.1496
5879	366.9183
5880	0
5881	0
5882	0
5883	0
5884	0
5885	285.3809
5886	244.6122
5887	4647.6318
5888	366.9183
5889	0
5890	0
5891	0
5892	2079.2037
5893	0
5894	0
5895	0
5896	0
5897	0
5898	407.687
5899	0
5900	448.4557
5901	0
5902	0
5903	0
5904	0
5905	0
5906	0
5907	0
5908	0
5909	0
5910	0
5911	4117.6387
5912	0
5913	0
5914	0
5915	0
5916	1589.9793
5917	0
5918	0
5919	0
5920	0
5921	366.9183
5922	285.3809
5923	326.1496
5924	937.6801
5925	611.5305
5926	0
5927	0
5928	0
5929	0
5930	0
5931	0
5932	0
5933	0
5934	0
5935	4403.0196
5936	244.6122
5937	0
5938	0
5939	285.3809
5940	1834.5915
5941	0
5942	0
5943	0
5944	326.1496
5945	0
5946	570.7618
5947	0
5948	366.9183
5949	0
5950	0
5951	0
5952	0
5953	0
5954	0
5955	0
5956	0
5957	0
5958	0
5959	3220.7273
5960	0
5961	0
5962	0
5963	366.9183
5964	1549.2106
5965	0
5966	407.687
5967	326.1496
5968	0
5969	244.6122
5970	0
5971	285.3809
5972	0
5973	326.1496
5974	0
5975	0
5976	0
5977	0
5978	0
5979	0
5980	0
5981	0
5982	0
5983	2446.122
5984	285.3809
5985	0
5986	326.1496
5987	0
5988	0
5989	285.3809
5990	0
5991	0
5992	0
5993	0
5994	815.374
5995	326.1496
5996	1059.9862
5997	0
5998	0
5999	0
6000	0
6001	366.9183
6002	0
6003	0
6004	244.6122
6005	0
6006	0
6007	1508.4419
6008	2283.0472
6009	285.3809
6010	0
6011	0
6012	0
6013	0
6014	0
6015	733.8366
6016	693.0679
6017	0
6018	285.3809
6019	0
6020	611.5305
6021	0
6022	407.687
6023	0
6024	0
6025	244.6122
6026	0
6027	0
6028	0
6029	0
6030	0
6031	1875.3602
6032	2119.9724
6033	0
6034	815.374
6035	0
6036	0
6037	366.9183
6038	0
6039	2446.122
6040	978.4488
6041	0
6042	448.4557
6043	0
6044	937.6801
6045	366.9183
6046	1793.8228
6047	0
6048	0
6049	285.3809
6050	0
6051	0
6052	0
6053	0
6054	0
6055	2731.5029
6056	0
6057	0
6058	0
6059	366.9183
6060	856.1427
6061	0
6062	0
6063	1019.2175
6064	0
6065	0
6066	407.687
6067	0
6068	285.3809
6069	407.687
6070	0
6071	0
6072	0
6073	0
6074	0
6075	0
6076	0
6077	0
6078	0
6079	2690.7342
6080	0
6081	285.3809
6082	0
6083	326.1496
6084	652.2992
6085	0
6086	0
6087	0
6088	0
6089	0
6090	0
6091	0
6092	0
6093	0
6094	0
6095	0
6096	0
6097	0
6098	0
6099	0
6100	0
6101	0
6102	0
6103	4810.7066
6104	0
6105	0
6106	0
6107	774.6053
6108	815.374
6109	0
6110	0
6111	0
6112	0
6113	0
6114	366.9183
6115	407.687
6116	0
6117	366.9183
6118	0
6119	0
6120	0
6121	0
6122	0
6123	366.9183
6124	0
6125	0
6126	0
6127	4403.0196
6128	0
6129	0
6130	0
6131	0
6132	1630.748
6133	0
6134	0
6135	0
6136	0
6137	0
6138	407.687
6139	326.1496
6140	0
6141	652.2992
6142	326.1496
6143	326.1496
6144	0
6145	0
6146	0
6147	326.1496
6148	0
6149	0
6150	0
6151	4362.2509
6152	326.1496
6153	0
6154	285.3809
6155	0
6156	244.6122
6157	0
6158	0
6159	0
6160	0
6161	0
6162	1630.748
6163	285.3809
6164	366.9183
6165	611.5305
6166	0
6167	0
6168	0
6169	0
6170	0
6171	0
6172	0
6173	366.9183
6174	0
6175	2935.3464
6176	1549.2106
6177	0
6178	0
6179	0
6180	0
6181	0
6182	0
6183	326.1496
6184	978.4488
6185	0
6186	0
6187	366.9183
6188	366.9183
6189	815.374
6190	815.374
6191	0
6192	0
6193	0
6194	0
6195	0
6196	285.3809
6197	0
6198	0
6199	407.687
6200	2731.5029
6201	0
6202	0
6203	0
6204	244.6122
6205	0
6206	0
6207	0
6208	896.9114
6209	611.5305
6210	0
6211	0
6212	733.8366
6213	326.1496
6214	1019.2175
6215	0
6216	0
6217	0
6218	0
6219	0
6220	0
6221	0
6222	0
6223	4280.7135
6224	326.1496
6225	0
6226	0
6227	0
6228	1426.9045
6229	326.1496
6230	366.9183
6231	0
6232	0
6233	0
6234	733.8366
6235	0
6236	0
6237	0
6238	0
6239	0
6240	0
6241	0
6242	0
6243	0
6244	0
6245	0
6246	0
6247	2283.0472
6248	448.4557
6249	0
6250	0
6251	0
6252	652.2992
6253	0
6254	0
6255	285.3809
6256	0
6257	0
6258	774.6053
6259	693.0679
6260	366.9183
6261	407.687
6262	0
6263	0
6264	0
6265	0
6266	0
6267	0
6268	0
6269	0
6270	0
6271	3302.2647
6272	0
6273	0
6274	0
6275	0
6276	978.4488
6277	0
6278	0
6279	0
6280	0
6281	0
6282	0
6283	0
6284	407.687
6285	0
6286	0
6287	0
6288	0
6289	0
6290	0
6291	0
6292	326.1496
6293	0
6294	0
6295	3913.7952
6296	0
6297	0
6298	0
6299	326.1496
6300	1956.8976
6301	0
6302	366.9183
6303	0
6304	0
6305	326.1496
6306	366.9183
6307	0
6308	1386.1358
6309	652.2992
6310	244.6122
6311	0
6312	0
6313	0
6314	0
6315	0
6316	0
6317	0
6318	0
6319	2119.9724
6320	285.3809
6321	0
6322	0
6323	326.1496
6324	407.687
6325	0
6326	0
6327	0
6328	326.1496
6329	0
6330	733.8366
6331	0
6332	285.3809
6333	366.9183
6334	0
6335	0
6336	0
6337	0
6338	326.1496
6339	326.1496
6340	0
6341	0
6342	0
6343	2690.7342
6344	1630.748
6345	0
6346	0
6347	0
6348	326.1496
6349	326.1496
6350	0
6351	0
6352	1100.7549
6353	285.3809
6354	366.9183
6355	285.3809
6356	326.1496
6357	0
6358	1223.061
6359	0
6360	0
6361	407.687
6362	0
6363	0
6364	0
6365	0
6366	0
6367	2364.5846
6368	1956.8976
6369	0
6370	0
6371	0
6372	0
6373	0
6374	0
6375	1630.748
6376	1426.9045
6377	0
6378	0
6379	0
6380	1019.2175
6381	0
6382	0
6383	0
6384	0
6385	0
6386	0
6387	0
6388	0
6389	326.1496
6390	0
6391	5055.3188
6392	0
6393	0
6394	0
6395	0
6396	1508.4419
6397	0
6398	0
6399	0
6400	0
6401	0
6402	733.8366
6403	0
6404	1019.2175
6405	733.8366
6406	0
6407	0
6408	0
6409	0
6410	0
6411	0
6412	0
6413	0
6414	0
6415	2405.3533
6416	0
6417	0
6418	0
6419	366.9183
6420	1019.2175
6421	0
6422	448.4557
6423	0
6424	0
6425	326.1496
6426	0
6427	0
6428	0
6429	366.9183
6430	0
6431	0
6432	0
6433	0
6434	326.1496
6435	0
6436	0
6437	0
6438	0
6439	2568.4281
6440	0
6441	0
6442	0
6443	0
6444	285.3809
6445	366.9183
6446	0
6447	366.9183
6448	407.687
6449	0
6450	366.9183
6451	0
6452	0
6453	285.3809
6454	0
6455	0
6456	0
6457	0
6458	0
6459	0
6460	0
6461	0
6462	0
6463	3995.3326
6464	0
6465	0
6466	0
6467	285.3809
6468	693.0679
6469	0
6470	0
6471	0
6472	407.687
6473	0
6474	774.6053
6475	244.6122
6476	0
6477	285.3809
6478	0
6479	0
6480	0
6481	0
6482	0
6483	0
6484	0
6485	0
6486	0
6487	4158.4074
6488	0
6489	1141.5236
6490	0
6491	448.4557
6492	1834.5915
6493	0
6494	0
6495	0
6496	0
6497	0
6498	0
6499	652.2992
6500	285.3809
6501	326.1496
6502	0
6503	0
6504	0
6505	0
6506	0
6507	0
6508	0
6509	0
6510	0
6511	3424.5708
6512	2772.2716
6513	0
6514	0
6515	0
6516	0
6517	0
6518	0
6519	1589.9793
6520	1263.8297
6521	244.6122
6522	0
6523	0
6524	326.1496
6525	244.6122
6526	611.5305
6527	0
6528	0
6529	0
6530	0
6531	0
6532	0
6533	326.1496
6534	0
6535	2813.0403
6536	2160.7411
6537	0
6538	0
6539	0
6540	0
6541	326.1496
6542	0
6543	1304.5984
6544	693.0679
6545	366.9183
6546	0
6547	0
6548	0
6549	0
6550	326.1496
6551	0
6552	0
6553	0
6554	0
6555	0
6556	0
6557	0
6558	0
6559	5626.0806
6560	448.4557
6561	0
6562	0
6563	0
6564	978.4488
6565	0
6566	0
6567	0
6568	0
6569	285.3809
6570	978.4488
6571	0
6572	407.687
6573	0
6574	0
6575	0
6576	0
6577	0
6578	0
6579	0
6580	0
6581	0
6582	0
6583	2160.7411
6584	0
6585	407.687
6586	0
6587	326.1496
6588	733.8366
6589	0
6590	0
6591	0
6592	0
6593	0
6594	285.3809
6595	1019.2175
6596	652.2992
6597	774.6053
6598	0
6599	0
6600	0
6601	0
6602	0
6603	0
6604	0
6605	326.1496
6606	0
6607	4199.1761
6608	0
6609	0
6610	366.9183
6611	0
6612	1386.1358
6613	0
6614	285.3809
6615	0
6616	0
6617	0
6618	0
6619	285.3809
6620	326.1496
6621	0
6622	0
6623	0
6624	0
6625	0
6626	0
6627	0
6628	0
6629	0
6630	0
6631	5177.6249
6632	0
6633	0
6634	0
6635	774.6053
6636	1345.3671
6637	0
6638	0
6639	366.9183
6640	0
6641	0
6642	407.687
6643	244.6122
6644	326.1496
6645	0
6646	0
6647	0
6648	0
6649	0
6650	0
6651	0
6652	0
6653	0
6654	0
6655	3220.7273
6656	0
6657	0
6658	0
6659	326.1496
6660	652.2992
6661	0
6662	0
6663	0
6664	0
6665	0
6666	0
6667	0
6668	407.687
6669	244.6122
6670	0
6671	0
6672	0
6673	0
6674	0
6675	0
6676	0
6677	0
6678	0
6679	1345.3671
6680	1834.5915
6681	0
6682	0
6683	0
6684	0
6685	0
6686	0
6687	1059.9862
6688	1753.0541
6689	937.6801
6690	244.6122
6691	0
6692	326.1496
6693	0
6694	489.2244
6695	0
6696	244.6122
6697	0
6698	0
6699	0
6700	407.687
6701	366.9183
6702	0
6703	2486.8907
6704	1141.5236
6705	0
6706	0
6707	0
6708	0
6709	0
6710	733.8366
6711	1834.5915
6712	1997.6663
6713	0
6714	326.1496
6715	0
6716	407.687
6717	366.9183
6718	652.2992
6719	0
6720	0
6721	0
6722	0
6723	0
6724	0
6725	0
6726	0
6727	2772.2716
6728	326.1496
6729	0
6730	0
6731	0
6732	1100.7549
6733	0
6734	0
6735	0
6736	326.1496
6737	0
6738	407.687
6739	0
6740	693.0679
6741	693.0679
6742	0
6743	0
6744	0
6745	0
6746	0
6747	0
6748	0
6749	0
6750	0
6751	4892.244
6752	285.3809
6753	244.6122
6754	489.2244
6755	285.3809
6756	285.3809
6757	0
6758	0
6759	285.3809
6760	0
6761	0
6762	0
6763	0
6764	693.0679
6765	0
6766	0
6767	0
6768	0
6769	0
6770	0
6771	0
6772	0
6773	0
6774	0
6775	2772.2716
6776	0
6777	0
6778	0
6779	0
6780	1223.061
6781	0
6782	0
6783	0
6784	366.9183
6785	0
6786	285.3809
6787	1223.061
6788	978.4488
6789	611.5305
6790	0
6791	0
6792	0
6793	0
6794	0
6795	0
6796	0
6797	0
6798	0
6799	3016.8838
6800	0
6801	326.1496
6802	0
6803	244.6122
6804	611.5305
6805	0
6806	0
6807	0
6808	0
6809	366.9183
6810	529.9931
6811	366.9183
6812	733.8366
6813	774.6053
6814	0
6815	0
6816	0
6817	0
6818	0
6819	0
6820	0
6821	0
6822	0
6823	3465.3395
6824	326.1496
6825	0
6826	366.9183
6827	0
6828	326.1496
6829	0
6830	0
6831	0
6832	0
6833	0
6834	244.6122
6835	570.7618
6836	652.2992
6837	1100.7549
6838	0
6839	0
6840	326.1496
6841	0
6842	0
6843	0
6844	0
6845	0
6846	0
6847	2364.5846
6848	611.5305
6849	366.9183
6850	0
6851	0
6852	0
6853	0
6854	0
6855	0
6856	1671.5167
6857	0
6858	0
6859	0
6860	693.0679
6861	693.0679
6862	570.7618
6863	0
6864	326.1496
6865	0
6866	366.9183
6867	0
6868	0
6869	0
6870	0
6871	1630.748
6872	1508.4419
6873	0
6874	0
6875	0
6876	366.9183
6877	0
6878	0
6879	1753.0541
6880	2446.122
6881	0
6882	0
6883	285.3809
6884	693.0679
6885	326.1496
6886	0
6887	0
6888	326.1496
6889	0
6890	0
6891	0
6892	0
6893	0
6894	0
6895	5299.931
6896	0
6897	0
6898	0
6899	326.1496
6900	937.6801
6901	0
6902	326.1496
6903	0
6904	0
6905	0
6906	733.8366
6907	733.8366
6908	570.7618
6909	285.3809
6910	0
6911	0
6912	0
6913	0
6914	0
6915	0
6916	0
6917	0
6918	0
6919	3709.9517
6920	0
6921	0
6922	326.1496
6923	0
6924	1059.9862
6925	0
6926	0
6927	407.687
6928	0
6929	0
6930	285.3809
6931	366.9183
6932	0
6933	1019.2175
6934	0
6935	0
6936	0
6937	0
6938	0
6939	0
6940	0
6941	0
6942	0
6943	3995.3326
6944	0
6945	0
6946	0
6947	0
6948	1100.7549
6949	611.5305
6950	285.3809
6951	0
6952	693.0679
6953	0
6954	244.6122
6955	285.3809
6956	0
6957	407.687
6958	0
6959	0
6960	0
6961	0
6962	0
6963	0
6964	0
6965	0
6966	0
6967	3873.0265
6968	0
6969	0
6970	733.8366
6971	0
6972	1223.061
6973	0
6974	0
6975	0
6976	0
6977	0
6978	1100.7549
6979	0
6980	0
6981	1467.6732
6982	0
6983	0
6984	0
6985	0
6986	285.3809
6987	0
6988	0
6989	0
6990	0
6991	3302.2647
6992	0
6993	0
6994	0
6995	0
6996	0
6997	0
6998	0
6999	0
7000	0
7001	0
7002	1100.7549
7003	0
7004	285.3809
7005	326.1496
7006	0
7007	0
7008	0
7009	0
7010	0
7011	0
7012	733.8366
7013	0
7014	0
7015	1426.9045
7016	1875.3602
7017	0
7018	0
7019	0
7020	0
7021	0
7022	0
7023	570.7618
7024	1589.9793
7025	652.2992
7026	0
7027	529.9931
7028	693.0679
7029	693.0679
7030	733.8366
7031	0
7032	0
7033	0
7034	0
7035	366.9183
7036	0
7037	407.687
7038	0
7039	3465.3395
7040	1997.6663
7041	0
7042	0
7043	0
7044	326.1496
7045	0
7046	611.5305
7047	652.2992
7048	1467.6732
7049	0
7050	0
7051	0
7052	611.5305
7053	815.374
7054	529.9931
7055	0
7056	0
7057	0
7058	0
7059	0
7060	0
7061	0
7062	0
7063	4280.7135
7064	0
7065	0
7066	0
7067	0
7068	2160.7411
7069	0
7070	0
7071	366.9183
7072	0
7073	0
7074	244.6122
7075	937.6801
7076	733.8366
7077	285.3809
7078	0
7079	0
7080	0
7081	0
7082	0
7083	0
7084	0
7085	0
7086	0
7087	2731.5029
7088	0
7089	0
7090	0
7091	366.9183
7092	733.8366
7093	0
7094	0
7095	0
7096	0
7097	0
7098	611.5305
7099	0
7100	0
7101	0
7102	0
7103	0
7104	0
7105	0
7106	0
7107	0
7108	0
7109	0
7110	0
7111	2853.809
7112	0
7113	0
7114	326.1496
7115	0
7116	815.374
7117	366.9183
7118	0
7119	0
7120	0
7121	0
7122	1100.7549
7123	244.6122
7124	285.3809
7125	0
7126	0
7127	0
7128	0
7129	0
7130	0
7131	0
7132	0
7133	0
7134	0
7135	5992.9989
7136	0
7137	0
7138	0
7139	0
7140	1263.8297
7141	570.7618
7142	0
7143	0
7144	0
7145	0
7146	366.9183
7147	611.5305
7148	366.9183
7149	407.687
7150	0
7151	0
7152	0
7153	0
7154	0
7155	0
7156	244.6122
7157	0
7158	0
7159	2772.2716
7160	0
7161	0
7162	0
7163	0
7164	978.4488
7165	366.9183
7166	0
7167	407.687
7168	0
7169	0
7170	0
7171	774.6053
7172	244.6122
7173	407.687
7174	0
7175	0
7176	0
7177	0
7178	0
7179	0
7180	0
7181	0
7182	0
7183	3383.8021
7184	1956.8976
7185	0
7186	0
7187	366.9183
7188	0
7189	0
7190	244.6122
7191	1467.6732
7192	285.3809
7193	326.1496
7194	0
7195	0
7196	366.9183
7197	0
7198	0
7199	285.3809
7200	0
7201	0
7202	0
7203	366.9183
7204	0
7205	0
7206	0
7207	2201.5098
7208	856.1427
7209	366.9183
7210	0
7211	0
7212	0
7213	0
7214	0
7215	1182.2923
7216	1019.2175
7217	0
7218	0
7219	0
7220	366.9183
7221	0
7222	652.2992
7223	0
7224	0
7225	0
7226	0
7227	0
7228	0
7229	0
7230	0
7231	3343.0334
7232	0
7233	0
7234	366.9183
7235	0
7236	2568.4281
7237	244.6122
7238	366.9183
7239	366.9183
7240	366.9183
7241	0
7242	0
7243	0
7244	407.687
7245	733.8366
7246	0
7247	0
7248	0
7249	0
7250	0
7251	0
7252	0
7253	0
7254	0
7255	3179.9586
7256	0
7257	0
7258	326.1496
7259	0
7260	1304.5984
7261	0
7262	0
7263	0
7264	0
7265	0
7266	652.2992
7267	652.2992
7268	326.1496
7269	0
7270	285.3809
7271	0
7272	0
7273	0
7274	0
7275	0
7276	0
7277	0
7278	0
7279	3506.1082
7280	0
7281	0
7282	366.9183
7283	0
7284	1630.748
7285	0
7286	0
7287	0
7288	0
7289	448.4557
7290	326.1496
7291	326.1496
7292	652.2992
7293	366.9183
7294	0
7295	0
7296	0
7297	0
7298	0
7299	0
7300	0
7301	0
7302	0
7303	3261.496
7304	285.3809
7305	0
7306	0
7307	285.3809
7308	937.6801
7309	0
7310	0
7311	0
7312	285.3809
7313	0
7314	326.1496
7315	326.1496
7316	0
7317	0
7318	0
7319	0
7320	0
7321	0
7322	0
7323	0
7324	0
7325	0
7326	0
7327	2364.5846
7328	0
7329	0
7330	0
7331	0
7332	2160.7411
7333	0
7334	326.1496
7335	366.9183
7336	0
7337	0
7338	407.687
7339	366.9183
7340	0
7341	326.1496
7342	0
7343	0
7344	0
7345	366.9183
7346	0
7347	0
7348	0
7349	611.5305
7350	0
7351	3506.1082
7352	2364.5846
7353	366.9183
7354	0
7355	0
7356	0
7357	366.9183
7358	0
7359	2079.2037
7360	693.0679
7361	0
7362	326.1496
7363	285.3809
7364	0
7365	529.9931
7366	326.1496
7367	0
7368	0
7369	0
7370	0
7371	0
7372	0
7373	0
7374	0
7375	1793.8228
7376	1630.748
7377	0
7378	0
7379	0
7380	0
7381	0
7382	0
7383	1019.2175
7384	570.7618
7385	285.3809
7386	366.9183
7387	0
7388	1426.9045
7389	1182.2923
7390	407.687
7391	0
7392	0
7393	0
7394	0
7395	0
7396	0
7397	0
7398	0
7399	3139.1899
7400	366.9183
7401	0
7402	0
7403	285.3809
7404	1712.2854
7405	0
7406	0
7407	0
7408	0
7409	285.3809
7410	0
7411	0
7412	326.1496
7413	978.4488
7414	366.9183
7415	0
7416	285.3809
7417	0
7418	0
7419	0
7420	0
7421	0
7422	0
7423	3832.2578
7424	0
7425	0
7426	0
7427	611.5305
7428	2853.809
7429	0
7430	0
7431	0
7432	0
7433	0
7434	366.9183
7435	570.7618
7436	326.1496
7437	285.3809
7438	0
7439	0
7440	0
7441	0
7442	0
7443	0
7444	0
7445	0
7446	0
7447	4484.557
7448	407.687
7449	326.1496
7450	652.2992
7451	0
7452	896.9114
7453	0
7454	0
7455	326.1496
7456	0
7457	0
7458	244.6122
7459	244.6122
7460	407.687
7461	244.6122
7462	0
7463	0
7464	0
7465	0
7466	0
7467	0
7468	244.6122
7469	0
7470	0
7471	4036.1013
7472	407.687
7473	0
7474	366.9183
7475	0
7476	652.2992
7477	0
7478	0
7479	0
7480	0
7481	326.1496
7482	0
7483	0
7484	1059.9862
7485	366.9183
7486	0
7487	0
7488	0
7489	0
7490	0
7491	0
7492	0
7493	0
7494	0
7495	4158.4074
7496	0
7497	326.1496
7498	0
7499	0
7500	1589.9793
7501	0
7502	0
7503	0
7504	0
7505	0
7506	366.9183
7507	0
7508	1304.5984
7509	244.6122
7510	0
7511	0
7512	0
7513	0
7514	0
7515	0
7516	0
7517	0
7518	0
7519	3669.183
7520	1386.1358
7521	0
7522	0
7523	0
7524	366.9183
7525	0
7526	0
7527	693.0679
7528	1304.5984
7529	0
7530	0
7531	285.3809
7532	611.5305
7533	0
7534	529.9931
7535	285.3809
7536	0
7537	366.9183
7538	285.3809
7539	0
7540	0
7541	448.4557
7542	0
7543	1671.5167
7544	285.3809
7545	0
7546	0
7547	0
7548	0
7549	0
7550	0
7551	733.8366
7552	1467.6732
7553	0
7554	0
7555	285.3809
7556	285.3809
7557	407.687
7558	285.3809
7559	0
7560	0
7561	0
7562	0
7563	0
7564	0
7565	0
7566	366.9183
7567	2446.122
7568	0
7569	407.687
7570	0
7571	0
7572	1630.748
7573	366.9183
7574	0
7575	326.1496
7576	1223.061
7577	0
7578	0
7579	815.374
7580	0
7581	856.1427
7582	326.1496
7583	0
7584	0
7585	366.9183
7586	0
7587	0
7588	0
7589	0
7590	0
7591	3220.7273
7592	0
7593	937.6801
7594	0
7595	0
7596	1630.748
7597	0
7598	0
7599	0
7600	0
7601	0
7602	0
7603	0
7604	366.9183
7605	978.4488
7606	0
7607	0
7608	0
7609	0
7610	0
7611	0
7612	0
7613	0
7614	0
7615	3995.3326
7616	611.5305
7617	0
7618	611.5305
7619	0
7620	1386.1358
7621	0
7622	0
7623	0
7624	0
7625	0
7626	0
7627	0
7628	1426.9045
7629	570.7618
7630	0
7631	0
7632	0
7633	0
7634	0
7635	0
7636	0
7637	0
7638	0
7639	2486.8907
7640	0
7641	0
7642	0
7643	0
7644	774.6053
7645	285.3809
7646	0
7647	0
7648	0
7649	0
7650	733.8366
7651	0
7652	448.4557
7653	611.5305
7654	0
7655	0
7656	693.0679
7657	0
7658	0
7659	0
7660	0
7661	0
7662	0
7663	2935.3464
7664	0
7665	0
7666	0
7667	0
7668	937.6801
7669	0
7670	0
7671	0
7672	0
7673	326.1496
7674	0
7675	366.9183
7676	611.5305
7677	529.9931
7678	0
7679	0
7680	0
7681	0
7682	0
7683	0
7684	0
7685	366.9183
7686	407.687
7687	3791.4891
7688	3954.5639
7689	0
7690	0
7691	0
7692	0
7693	407.687
7694	0
7695	611.5305
7696	896.9114
7697	326.1496
7698	0
7699	0
7700	652.2992
7701	570.7618
7702	652.2992
7703	244.6122
7704	0
7705	0
7706	0
7707	0
7708	0
7709	0
7710	0
7711	1671.5167
7712	1386.1358
7713	326.1496
7714	366.9183
7715	611.5305
7716	0
7717	611.5305
7718	326.1496
7719	733.8366
7720	1793.8228
7721	0
7722	285.3809
7723	0
7724	0
7725	0
7726	1141.5236
7727	0
7728	0
7729	0
7730	0
7731	0
7732	0
7733	0
7734	0
7735	4362.2509
7736	0
7737	0
7738	0
7739	0
7740	1386.1358
7741	0
7742	0
7743	0
7744	0
7745	0
7746	0
7747	285.3809
7748	489.2244
7749	285.3809
7750	0
7751	0
7752	0
7753	0
7754	0
7755	0
7756	0
7757	0
7758	0
7759	2813.0403
7760	0
7761	0
7762	0
7763	326.1496
7764	1875.3602
7765	285.3809
7766	0
7767	0
7768	0
7769	326.1496
7770	937.6801
7771	366.9183
7772	244.6122
7773	896.9114
7774	0
7775	0
7776	0
7777	0
7778	0
7779	0
7780	0
7781	0
7782	0
7783	1793.8228
7784	407.687
7785	611.5305
7786	0
7787	244.6122
7788	1345.3671
7789	0
7790	0
7791	0
7792	366.9183
7793	326.1496
7794	326.1496
7795	326.1496
7796	896.9114
7797	652.2992
7798	0
7799	0
7800	0
7801	0
7802	0
7803	0
7804	285.3809
7805	0
7806	0
7807	1467.6732
7808	366.9183
7809	0
7810	0
7811	0
7812	570.7618
7813	0
7814	0
7815	0
7816	407.687
7817	0
7818	0
7819	285.3809
7820	1386.1358
7821	326.1496
7822	0
7823	0
7824	0
7825	0
7826	0
7827	0
7828	0
7829	0
7830	0
7831	3791.4891
7832	0
7833	326.1496
7834	0
7835	0
7836	693.0679
7837	366.9183
7838	0
7839	0
7840	0
7841	0
7842	978.4488
7843	570.7618
7844	0
7845	0
7846	0
7847	0
7848	0
7849	0
7850	0
7851	0
7852	0
7853	0
7854	0
7855	2853.809
7856	1508.4419
7857	366.9183
7858	326.1496
7859	407.687
7860	0
7861	0
7862	0
7863	652.2992
7864	774.6053
7865	0
7866	0
7867	326.1496
7868	366.9183
7869	652.2992
7870	774.6053
7871	0
7872	0
7873	0
7874	0
7875	0
7876	0
7877	0
7878	0
7879	2894.5777
7880	2527.6594
7881	326.1496
7882	0
7883	0
7884	733.8366
7885	366.9183
7886	366.9183
7887	2079.2037
7888	2160.7411
7889	244.6122
7890	0
7891	285.3809
7892	611.5305
7893	407.687
7894	285.3809
7895	0
7896	0
7897	0
7898	0
7899	0
7900	0
7901	0
7902	0
7903	5299.931
7904	0
7905	0
7906	0
7907	0
7908	2813.0403
7909	0
7910	0
7911	326.1496
7912	0
7913	0
7914	0
7915	326.1496
7916	0
7917	366.9183
7918	0
7919	0
7920	0
7921	0
7922	0
7923	0
7924	0
7925	0
7926	0
7927	2486.8907
7928	244.6122
7929	0
7930	0
7931	0
7932	0
7933	0
7934	0
7935	0
7936	0
7937	0
7938	244.6122
7939	0
7940	1345.3671
7941	326.1496
7942	0
7943	0
7944	366.9183
7945	0
7946	0
7947	0
7948	0
7949	0
7950	0
7951	4403.0196
7952	366.9183
7953	0
7954	0
7955	0
7956	815.374
7957	0
7958	0
7959	366.9183
7960	285.3809
7961	0
7962	0
7963	285.3809
7964	0
7965	0
7966	0
7967	0
7968	0
7969	0
7970	326.1496
7971	0
7972	0
7973	0
7974	0
7975	3261.496
7976	0
7977	0
7978	0
7979	366.9183
7980	529.9931
7981	0
7982	0
7983	652.2992
7984	0
7985	0
7986	652.2992
7987	1059.9862
7988	0
7989	896.9114
7990	0
7991	0
7992	0
7993	0
7994	0
7995	0
7996	0
7997	0
7998	326.1496
7999	1630.748
8000	529.9931
8001	0
8002	0
8003	0
8004	2527.6594
8005	0
8006	0
8007	0
8008	611.5305
8009	0
8010	978.4488
8011	611.5305
8012	1019.2175
8013	0
8014	0
8015	0
8016	366.9183
8017	0
8018	0
8019	0
8020	0
8021	0
8022	326.1496
8023	3057.6525
8024	1753.0541
8025	0
8026	0
8027	0
8028	0
8029	0
8030	0
8031	1223.061
8032	3139.1899
8033	0
8034	366.9183
8035	0
8036	0
8037	693.0679
8038	0
8039	0
8040	0
8041	0
8042	0
8043	0
8044	0
8045	0
8046	0
8047	1753.0541
8048	4036.1013
8049	326.1496
8050	0
8051	0
8052	0
8053	0
8054	0
8055	326.1496
8056	1059.9862
8057	0
8058	0
8059	326.1496
8060	326.1496
8061	326.1496
8062	978.4488
8063	0
8064	0
8065	0
8066	0
8067	0
8068	285.3809
8069	0
8070	0
8071	2690.7342
8072	0
8073	0
8074	0
8075	0
8076	0
8077	0
8078	285.3809
8079	326.1496
8080	0
8081	0
8082	1100.7549
8083	489.2244
8084	652.2992
8085	570.7618
8086	0
8087	0
8088	0
8089	0
8090	0
8091	0
8092	0
8093	0
8094	0
8095	1263.8297
8096	0
8097	0
8098	0
8099	366.9183
8100	2935.3464
8101	0
8102	0
8103	0
8104	0
8105	0
8106	366.9183
8107	611.5305
8108	244.6122
8109	244.6122
8110	285.3809
8111	0
8112	0
8113	0
8114	0
8115	0
8116	0
8117	0
8118	0
8119	4566.0944
8120	0
8121	0
8122	0
8123	0
8124	2242.2785
8125	0
8126	326.1496
8127	0
8128	0
8129	0
8130	366.9183
8131	1059.9862
8132	366.9183
8133	326.1496
8134	0
8135	0
8136	326.1496
8137	0
8138	0
8139	0
8140	0
8141	0
8142	0
8143	4525.3257
8144	285.3809
8145	0
8146	0
8147	0
8148	529.9931
8149	0
8150	366.9183
8151	0
8152	0
8153	0
8154	0
8155	326.1496
8156	285.3809
8157	1141.5236
8158	0
8159	0
8160	0
8161	244.6122
8162	0
8163	0
8164	0
8165	0
8166	0
8167	3832.2578
8168	326.1496
8169	0
8170	0
8171	285.3809
8172	1263.8297
8173	0
8174	0
8175	0
8176	0
8177	244.6122
8178	937.6801
8179	611.5305
8180	326.1496
8181	244.6122
8182	0
8183	0
8184	0
8185	0
8186	244.6122
8187	0
8188	0
8189	0
8190	0
8191	2690.7342
8192	4158.4074
8193	0
8194	0
8195	0
8196	0
8197	0
8198	285.3809
8199	0
8200	2568.4281
8201	0
8202	0
8203	0
8204	1059.9862
8205	0
8206	0
8207	0
8208	0
8209	0
8210	285.3809
8211	0
8212	0
8213	0
8214	0
8215	2446.122
8216	1304.5984
8217	0
8218	0
8219	366.9183
8220	0
8221	0
8222	0
8223	244.6122
8224	570.7618
8225	366.9183
8226	0
8227	0
8228	611.5305
8229	366.9183
8230	774.6053
8231	0
8232	0
8233	0
8234	0
8235	0
8236	0
8237	0
8238	0
8239	5422.2371
8240	0
8241	0
8242	0
8243	0
8244	1100.7549
8245	326.1496
8246	0
8247	0
8248	0
8249	0
8250	0
8251	244.6122
8252	366.9183
8253	1182.2923
8254	0
8255	0
8256	0
8257	0
8258	0
8259	0
8260	0
8261	0
8262	0
8263	1589.9793
8264	0
8265	0
8266	0
8267	0
8268	1875.3602
8269	0
8270	0
8271	0
8272	0
8273	0
8274	0
8275	570.7618
8276	326.1496
8277	978.4488
8278	0
8279	0
8280	0
8281	0
8282	0
8283	0
8284	0
8285	0
8286	0
8287	3628.4143
8288	407.687
8289	0
8290	0
8291	0
8292	1793.8228
8293	0
8294	0
8295	0
8296	0
8297	0
8298	1304.5984
8299	652.2992
8300	326.1496
8301	366.9183
8302	0
8303	0
8304	0
8305	0
8306	0
8307	0
8308	0
8309	0
8310	0
8311	4280.7135
8312	0
8313	0
8314	0
8315	285.3809
8316	1997.6663
8317	0
8318	0
8319	366.9183
8320	0
8321	0
8322	0
8323	0
8324	0
8325	0
8326	0
8327	0
8328	0
8329	0
8330	0
8331	0
8332	0
8333	0
8334	0
8335	3302.2647
8336	0
8337	0
8338	285.3809
8339	0
8340	1508.4419
8341	326.1496
8342	0
8343	0
8344	285.3809
8345	0
8346	366.9183
8347	733.8366
8348	0
8349	2079.2037
8350	0
8351	0
8352	0
8353	0
8354	0
8355	0
8356	0
8357	0
8358	0
8359	2609.1968
8360	3139.1899
8361	0
8362	0
8363	0
8364	0
8365	0
8366	733.8366
8367	733.8366
8368	693.0679
8369	0
8370	0
8371	0
8372	0
8373	570.7618
8374	285.3809
8375	0
8376	0
8377	0
8378	0
8379	0
8380	0
8381	0
8382	0
8383	2894.5777
8384	2119.9724
8385	0
8386	0
8387	0
8388	652.2992
8389	0
8390	0
8391	1834.5915
8392	366.9183
8393	326.1496
8394	0
8395	0
8396	937.6801
8397	1426.9045
8398	326.1496
8399	0
8400	0
8401	0
8402	0
8403	0
8404	0
8405	0
8406	0
8407	4403.0196
8408	0
8409	693.0679
8410	0
8411	0
8412	1019.2175
8413	326.1496
8414	407.687
8415	0
8416	285.3809
8417	285.3809
8418	0
8419	366.9183
8420	0
8421	570.7618
8422	0
8423	0
8424	0
8425	0
8426	0
8427	0
8428	0
8429	0
8430	0
8431	5829.9241
8432	0
8433	0
8434	0
8435	285.3809
8436	1589.9793
8437	326.1496
8438	0
8439	0
8440	326.1496
8441	0
8442	285.3809
8443	978.4488
8444	1141.5236
8445	0
8446	0
8447	0
8448	0
8449	0
8450	0
8451	0
8452	0
8453	0
8454	0
8455	3465.3395
8456	326.1496
8457	326.1496
8458	326.1496
8459	0
8460	1671.5167
8461	0
8462	0
8463	0
8464	285.3809
8465	0
8466	815.374
8467	570.7618
8468	326.1496
8469	407.687
8470	0
8471	0
8472	0
8473	0
8474	0
8475	0
8476	0
8477	0
8478	0
8479	4973.7814
8480	285.3809
8481	0
8482	0
8483	0
8484	1630.748
8485	366.9183
8486	0
8487	0
8488	0
8489	0
8490	0
8491	366.9183
8492	0
8493	652.2992
8494	0
8495	0
8496	0
8497	0
8498	0
8499	0
8500	0
8501	0
8502	0
8503	4280.7135
8504	0
8505	0
8506	0
8507	0
8508	1223.061
8509	0
8510	326.1496
8511	0
8512	0
8513	0
8514	652.2992
8515	407.687
8516	326.1496
8517	0
8518	0
8519	0
8520	0
8521	285.3809
8522	0
8523	0
8524	0
8525	0
8526	0
8527	937.6801
8528	978.4488
8529	0
8530	0
8531	570.7618
8532	0
8533	693.0679
8534	937.6801
8535	0
8536	1753.0541
8537	326.1496
8538	0
8539	0
8540	0
8541	1019.2175
8542	244.6122
8543	0
8544	0
8545	0
8546	0
8547	0
8548	0
8549	0
8550	0
8551	1671.5167
8552	774.6053
8553	0
8554	326.1496
8555	326.1496
8556	0
8557	0
8558	0
8559	978.4488
8560	2160.7411
8561	0
8562	0
8563	407.687
8564	652.2992
8565	366.9183
8566	937.6801
8567	326.1496
8568	0
8569	244.6122
8570	0
8571	0
8572	0
8573	0
8574	0
8575	2079.2037
8576	0
8577	0
8578	652.2992
8579	0
8580	1019.2175
8581	0
8582	0
8583	0
8584	285.3809
8585	611.5305
8586	0
8587	366.9183
8588	326.1496
8589	0
8590	0
8591	366.9183
8592	0
8593	0
8594	0
8595	0
8596	0
8597	0
8598	0
8599	2079.2037
8600	0
8601	0
8602	0
8603	366.9183
8604	1589.9793
8605	0
8606	326.1496
8607	0
8608	0
8609	407.687
8610	366.9183
8611	285.3809
8612	1019.2175
8613	285.3809
8614	0
8615	0
8616	0
8617	0
8618	0
8619	0
8620	0
8621	0
8622	0
8623	4280.7135
8624	0
8625	0
8626	0
8627	0
8628	2405.3533
8629	244.6122
8630	0
8631	285.3809
8632	326.1496
8633	0
8634	0
8635	733.8366
8636	0
8637	0
8638	0
8639	0
8640	0
8641	366.9183
8642	0
8643	0
8644	0
8645	0
8646	0
8647	5014.5501
8648	0
8649	0
8650	0
8651	0
8652	1386.1358
8653	0
8654	0
8655	0
8656	285.3809
8657	0
8658	733.8366
8659	489.2244
8660	1426.9045
8661	285.3809
8662	0
8663	0
8664	0
8665	0
8666	0
8667	366.9183
8668	0
8669	448.4557
8670	0
8671	2405.3533
8672	366.9183
8673	0
8674	407.687
8675	0
8676	2527.6594
8677	244.6122
8678	0
8679	0
8680	0
8681	366.9183
8682	407.687
8683	937.6801
8684	366.9183
8685	693.0679
8686	0
8687	0
8688	0
8689	0
8690	0
8691	0
8692	0
8693	0
8694	0
8695	1875.3602
8696	3057.6525
8697	0
8698	326.1496
8699	366.9183
8700	0
8701	0
8702	0
8703	1304.5984
8704	896.9114
8705	0
8706	0
8707	0
8708	1589.9793
8709	815.374
8710	937.6801
8711	0
8712	0
8713	366.9183
8714	0
8715	0
8716	0
8717	0
8718	0
8719	2731.5029
8720	1589.9793
8721	326.1496
8722	0
8723	0
8724	0
8725	407.687
8726	366.9183
8727	733.8366
8728	1345.3671
8729	0
8730	326.1496
8731	0
8732	978.4488
8733	1263.8297
8734	570.7618
8735	0
8736	0
8737	0
8738	0
8739	0
8740	0
8741	0
8742	0
8743	5096.0875
8744	407.687
8745	0
8746	0
8747	326.1496
8748	1712.2854
8749	0
8750	0
8751	774.6053
8752	0
8753	244.6122
8754	1508.4419
8755	244.6122
8756	366.9183
8757	285.3809
8758	0
8759	0
8760	0
