1	0
2	0
3	0
4	0
5	0
6	0
7	0.114578
8	1678.905422
9	3326.87
10	8225.01
11	4570.2
12	1285.8
13	1196.7
14	1111.3
15	1088.1
16	1092.7
17	1160.6
18	1172.2
19	3156.2
20	8249.7
21	4731.3
22	1350.7
23	1372.3
24	0.3
25	0
26	0
27	0
28	0
29	0
30	0
31	0.1
32	2361
33	4043.5
34	9483.2
35	5310.5
36	1624.9
37	1587.1
38	1582.7
39	1571.8
40	1566.9
41	1561.1
42	1575.9
43	3640.2
44	8759
45	4964.4
46	1592
47	1615.1
48	0.4
49	0
50	0
51	0
52	0
53	0
54	0
55	0.2
56	2830
57	4520
58	10200
59	5852
60	1900
61	1734
62	1577
63	1515
64	1530
65	1580
66	1690
67	4138
68	10284
69	5856
70	1811
71	1817
72	1
73	0
74	0
75	0
76	0
77	0
78	0
79	0
80	3510
81	5720
82	12967
83	7307
84	1922
85	1327
86	1088
87	949
88	868
89	980
90	1148
91	3888
92	10618
93	6013
94	1686
95	1766
96	1
97	0
98	0
99	0
100	0
101	0
102	0
103	0
104	3353
105	5703
106	13174
107	7455
108	1893
109	1322
110	1138
111	1013
112	922
113	1026
114	1195
115	4133
116	11528
117	6575
118	1764
119	1798
120	1
121	0
122	0
123	0
124	0
125	0
126	0
127	0
128	3421
129	6033
130	14158
131	7891
132	1988
133	1507
134	1340
135	1243
136	1244
137	1423
138	1605
139	4543
140	11987
141	6954
142	2061
143	2082
144	1
145	0
146	0
147	0
148	0
149	0
150	0
151	0
152	3321
153	5280
154	11807
155	6823
156	2358
157	2244
158	2123
159	2069
160	2062
161	2068
162	2091
163	4607
164	10960
165	6384
166	2164
167	2182
168	0
169	0
170	0
171	0
172	0
173	0
174	0
175	1
176	3885
177	5867
178	12799
179	7517
180	2642
181	2352
182	2153
183	2046
184	1982
185	2026
186	2089
187	4674
188	11140
189	6463
190	2215
191	2224
192	1
193	0
194	0
195	0
196	0
197	0
198	0
199	0
200	3797
201	5447
202	11464
203	6742
204	2541
205	2368
206	2229
207	2111
208	2042
209	2063
210	2096
211	4238
212	9586
213	5638
214	2096
215	2084
216	0
217	0
218	0
219	0
220	0
221	0
222	0
223	1
224	3336
225	4377
226	8501
227	4991
228	1797
229	1263
230	1032
231	999
232	1140
233	1267
234	1419
235	3260
236	7782
237	4572
238	1607
239	1645
240	0
241	0
242	0
243	0
244	0
245	0
246	0
247	0
248	2971
249	4242
250	9009
251	5391
252	1815
253	1750
254	1677
255	1576
256	1623
257	1654
258	1685
259	3643
260	8529
261	4986
262	1788
263	1796
264	0
265	0
266	0
267	0
268	0
269	0
270	0
271	1
272	3160
273	4513
274	9659
275	5832
276	2312
277	2262
278	2116
279	1922
280	1619
281	1522
282	1723
283	3870
284	9175
285	5437
286	1936
287	1951
288	1
289	0
290	0
291	0
292	0
293	0
294	0
295	0
296	3743
297	5640
298	11994
299	6834
300	1968
301	1339
302	1115
303	995
304	940
305	1039
306	1275
307	3980
308	10593
309	6036
310	1793
311	1808
312	0
313	0
314	0
315	0
316	0
317	0
318	0
319	1
320	3236
321	5059
322	11229
323	6514
324	2296
325	2217
326	2118
327	2025
328	1982
329	1974
330	2000
331	4313
332	10067
333	5831
334	2031
335	2043
336	1
337	0
338	0
339	0
340	0
341	0
342	0
343	0
344	3500
345	4978
346	10460
347	6191
348	2356
349	2203
350	2068
351	1981
352	1896
353	1879
354	1928
355	4034
356	9231
357	5422
358	1999
359	2002
360	1
361	0
362	0
363	0
364	0
365	0
366	0
367	0
368	3456
369	4795
370	10070
371	5948
372	1645
373	1148
374	966
375	831
376	772
377	844
378	1073
379	3569
380	9548
381	5400
382	1615
383	1664
384	0
385	0
386	0
387	0
388	0
389	0
390	0
391	0
392	3300
393	5401
394	12297
395	6859
396	1621
397	1143
398	936
399	765
400	668
401	678
402	842
403	3236
404	9180
405	5220
406	1400
407	1500
408	0
409	0
410	0
411	0
412	0
413	0
414	0
415	0
416	3000
417	4880
418	10970
419	6190
420	2050
421	1960
422	1920
423	1910
424	1890
425	1890
426	1890
427	4060
428	9540
429	5520
430	1890
431	1890
432	0
433	0
434	0
435	0
436	0
437	0
438	0
439	0
440	3160
441	4540
442	9570
443	5690
444	1890
445	1230
446	980
447	880
448	750
449	740
450	930
451	2990
452	8040
453	4560
454	1360
455	1390
456	0
457	0
458	0
459	0
460	0
461	0
462	0
463	0
464	2620
465	4250
466	9460
467	5300
468	1840
469	1810
470	1760
471	1680
472	1590
473	1570
474	1600
475	3390
476	7820
477	4620
478	1660
479	1660
480	0
481	0
482	0
483	0
484	0
485	0
486	0
487	0
488	2990
489	4310
490	9080
491	5250
492	1570
493	1250
494	1090
495	1090
496	1040
497	1140
498	1280
499	3110
500	7410
501	4240
502	1480
503	1450
504	0
505	0
506	0
507	0
508	0
509	0
510	0
511	0
512	2460
513	3320
514	6810
515	4100
516	1680
517	1620
518	1550
519	1520
520	1500
521	1480
522	1460
523	2630
524	5410
525	3190
526	1360
527	1350
528	0
529	0
530	0
531	0
532	0
533	0
534	0
535	0
536	2210
537	3060
538	6390
539	3980
540	1670
541	1570
542	1470
543	1390
544	1370
545	1380
546	1400
547	3020
548	7110
549	4280
550	1600
551	1600
552	0
553	0
554	0
555	0
556	0
557	0
558	0
559	0
560	2820
561	3910
562	8030
563	4730
564	1780
565	1570
566	1550
567	1640
568	1620
569	1560
570	1570
571	3160
572	7240
573	4350
574	1680
575	1690
576	0
577	0
578	0
579	0
580	0
581	0
582	0
583	0
584	3070
585	4430
586	9120
587	5310
588	2060
589	1950
590	1770
591	1610
592	1550
593	1500
594	1450
595	2310
596	4860
597	3130
598	1390
599	1390
600	0
601	0
602	0
603	0
604	0
605	0
606	0
607	0
608	2280
609	2880
610	5570
611	3180
612	1090
613	990
614	1000
615	960
616	960
617	1040
618	1140
619	2200
620	5490
621	3780
622	1460
623	1490
624	0
625	0
626	0
627	0
628	0
629	0
630	0
631	0
632	3060
633	4520
634	9620
635	5440
636	1830
637	1660
638	1350
639	960
640	850
641	860
642	1150
643	3310
644	8470
645	4850
646	1510
647	1520
648	0
649	0
650	0
651	0
652	0
653	0
654	0
655	0
656	2470
657	3560
658	7550
659	4380
660	1540
661	1360
662	1290
663	1160
664	1060
665	1140
666	1230
667	2850
668	6970
669	4050
670	1450
671	1470
672	0
673	0
674	0
675	0
676	0
677	0
678	0
679	0
680	2500
681	3480
682	7000
683	4040
684	1460
685	1370
686	1390
687	1410
688	1430
689	1440
690	1440
691	2770
692	6200
693	3600
694	1370
695	1370
696	0
697	0
698	0
699	0
700	0
701	0
702	0
703	0
704	2500
705	3420
706	6900
707	4100
708	1710
709	1680
710	1590
711	1550
712	1550
713	1570
714	1630
715	3500
716	8310
717	5100
718	1900
719	1950
720	0
721	0
722	0
723	0
724	0
725	0
726	0
727	0
728	2640
729	3250
730	6370
731	3920
732	1700
733	1250
734	720
735	540
736	430
737	390
738	480
739	1890
740	5270
741	3240
742	1110
743	1220
744	0
745	0
746	0
747	0
748	0
749	0
750	0
751	0
752	2120
753	3090
754	6420
755	3580
756	1260
757	1200
758	1120
759	1010
760	860
761	890
762	960
763	2060
764	4810
765	2870
766	1090
767	1130
768	0
769	0
770	0
771	0
772	0
773	0
774	0
775	0
776	2230
777	3250
778	6730
779	3300
780	580
781	460
782	400
783	350
784	280
785	230
786	260
787	1270
788	4260
789	2740
790	470
791	530
792	0
793	0
794	0
795	0
796	0
797	0
798	0
799	0
800	1830
801	3500
802	8230
803	3750
804	480
805	380
806	340
807	300
808	240
809	200
810	220
811	1230
812	4330
813	2890
814	430
815	450
816	0
817	0
818	0
819	0
820	0
821	0
822	0
823	0
824	660
825	1930
826	5550
827	2830
828	370
829	310
830	280
831	260
832	200
833	170
834	210
835	1490
836	4950
837	2930
838	330
839	310
840	0
841	0
842	0
843	0
844	0
845	0
846	0
847	0
848	470
849	1310
850	3440
851	1780
852	270
853	240
854	190
855	160
856	180
857	210
858	240
859	1040
860	3220
861	1980
862	330
863	340
864	0
865	0
866	0
867	0
868	0
869	0
870	0
871	0
872	990
873	2190
874	5630
875	2940
876	620
877	510
878	410
879	360
880	330
881	350
882	410
883	1780
884	5130
885	2940
886	760
887	780
888	0
889	0
890	0
891	0
892	0
893	0
894	0
895	0
896	2010
897	3610
898	8290
899	4420
900	1220
901	990
902	590
903	360
904	330
905	360
906	470
907	2050
908	5920
909	3300
910	850
911	920
912	0
913	0
914	0
915	0
916	0
917	0
918	0
919	0
920	1820
921	3140
922	7250
923	3960
924	1150
925	1090
926	1050
927	1050
928	1050
929	1020
930	1040
931	2540
932	6350
933	3630
934	1140
935	1140
936	0
937	0
938	0
939	0
940	0
941	0
942	0
943	0
944	1820
945	2650
946	5630
947	3190
948	1060
949	920
950	770
951	710
952	740
953	770
954	820
955	1870
956	4740
957	2940
958	1040
959	1070
960	0
961	0
962	0
963	0
964	0
965	0
966	0
967	0
968	2790
969	4360
970	9710
971	5550
972	1900
973	1780
974	1660
975	1560
976	1490
977	1470
978	1510
979	3510
980	8510
981	4960
982	1720
983	1720
984	10
985	0
986	0
987	0
988	0
989	0
990	0
991	0
992	2990
993	4500
994	9780
995	5740
996	2080
997	1970
998	1880
999	1800
1000	1750
1001	1690
1002	1690
1003	3760
1004	9210
1005	5590
1006	1970
1007	1990
1008	0
1009	0
1010	0
1011	0
1012	0
1013	0
1014	0
1015	10
1016	3600
1017	5270
1018	11210
1019	6520
1020	2430
1021	2310
1022	2200
1023	2130
1024	2090
1025	2070
1026	2080
1027	4280
1028	9820
1029	5780
1030	2100
1031	2100
1032	0
1033	0
1034	0
1035	0
1036	0
1037	0
1038	0
1039	10
1040	3660
1041	5220
1042	10940
1043	6540
1044	2530
1045	2440
1046	2350
1047	2270
1048	2190
1049	2150
1050	2140
1051	4390
1052	10040
1053	5920
1054	2180
1055	2160
1056	0
1057	0
1058	0
1059	0
1060	0
1061	0
1062	0
1063	0
1064	3800
1065	5380
1066	11280
1067	6710
1068	2590
1069	2440
1070	2300
1071	2130
1072	2000
1073	1890
1074	1940
1075	4280
1076	10100
1077	5940
1078	2130
1079	2120
1080	10
1081	0
1082	0
1083	0
1084	0
1085	0
1086	0
1087	0
1088	3750
1089	5290
1090	11110
1091	6630
1092	2560
1093	2440
1094	2320
1095	2210
1096	2130
1097	2110
1098	2140
1099	4460
1100	10240
1101	6040
1102	2210
1103	2200
1104	0
1105	0
1106	0
1107	0
1108	0
1109	0
1110	0
1111	10
1112	3860
1113	5460
1114	11420
1115	6810
1116	2630
1117	2450
1118	2310
1119	2220
1120	2170
1121	2120
1122	2120
1123	4270
1124	9720
1125	5770
1126	2170
1127	2170
1128	0
1129	0
1130	0
1131	0
1132	0
1133	0
1134	0
1135	0
1136	3700
1137	5080
1138	10430
1139	6310
1140	2590
1141	2470
1142	2400
1143	2330
1144	2280
1145	2220
1146	2200
1147	4100
1148	8910
1149	5350
1150	2130
1151	2110
1152	0
1153	0
1154	0
1155	0
1156	0
1157	0
1158	0
1159	0
1160	3610
1161	4820
1162	9620
1163	5610
1164	2200
1165	2040
1166	1900
1167	1770
1168	1730
1169	1730
1170	1750
1171	3370
1172	7540
1173	4780
1174	1980
1175	1970
1176	0
1177	0
1178	0
1179	0
1180	0
1181	0
1182	0
1183	0
1184	3260
1185	4250
1186	8390
1187	4980
1188	1970
1189	1830
1190	1660
1191	1450
1192	1360
1193	1310
1194	1250
1195	2960
1196	7280
1197	4480
1198	1660
1199	1690
1200	0
1201	0
1202	0
1203	0
1204	0
1205	0
1206	0
1207	0
1208	2970
1209	4130
1210	8550
1211	5100
1212	1900
1213	1790
1214	1660
1215	1520
1216	1410
1217	1370
1218	1360
1219	3090
1220	7380
1221	4380
1222	1600
1223	1610
1224	0
1225	0
1226	0
1227	0
1228	0
1229	0
1230	0
1231	0
1232	3020
1233	4320
1234	9230
1235	5210
1236	1760
1237	1640
1238	1430
1239	1240
1240	1110
1241	1180
1242	1320
1243	3220
1244	8000
1245	4900
1246	1720
1247	1720
1248	0
1249	0
1250	0
1251	0
1252	0
1253	0
1254	0
1255	0
1256	3290
1257	5150
1258	10850
1259	5330
1260	980
1261	810
1262	730
1263	620
1264	540
1265	510
1266	560
1267	2860
1268	8700
1269	5140
1270	1370
1271	1490
1272	0
1273	0
1274	0
1275	0
1276	0
1277	0
1278	0
1279	0
1280	3110
1281	5080
1282	11280
1283	5800
1284	1210
1285	1070
1286	830
1287	700
1288	650
1289	640
1290	820
1291	3430
1292	9980
1293	5680
1294	1470
1295	1520
1296	0
1297	0
1298	0
1299	0
1300	0
1301	0
1302	0
1303	0
1304	3340
1305	5870
1306	13120
1307	6340
1308	1020
1309	810
1310	700
1311	630
1312	560
1313	510
1314	520
1315	2700
1316	8350
1317	4910
1318	970
1319	1020
1320	0
1321	0
1322	0
1323	0
1324	0
1325	0
1326	0
1327	0
1328	2950
1329	5620
1330	13000
1331	6630
1332	1530
1333	1230
1334	960
1335	700
1336	530
1337	480
1338	510
1339	2850
1340	8690
1341	4830
1342	1110
1343	1220
1344	0
1345	0
1346	0
1347	0
1348	0
1349	0
1350	0
1351	0
1352	2810
1353	4700
1354	10040
1355	5060
1356	1180
1357	850
1358	610
1359	480
1360	390
1361	310
1362	290
1363	1410
1364	4620
1365	3200
1366	650
1367	710
1368	0
1369	0
1370	0
1371	0
1372	0
1373	0
1374	0
1375	0
1376	2370
1377	4590
1378	10300
1379	4430
1380	590
1381	470
1382	400
1383	370
1384	320
1385	250
1386	230
1387	1330
1388	4680
1389	3100
1390	540
1391	640
1392	0
1393	0
1394	0
1395	0
1396	0
1397	0
1398	0
1399	0
1400	1630
1401	3130
1402	7200
1403	3380
1404	530
1405	350
1406	280
1407	260
1408	240
1409	240
1410	220
1411	1310
1412	4470
1413	2640
1414	490
1415	580
1416	0
1417	0
1418	0
1419	0
1420	0
1421	0
1422	0
1423	0
1424	1480
1425	2830
1426	6740
1427	3590
1428	990
1429	920
1430	820
1431	710
1432	630
1433	540
1434	540
1435	1840
1436	5060
1437	2930
1438	880
1439	930
1440	0
1441	0
1442	0
1443	0
1444	0
1445	0
1446	0
1447	0
1448	1770
1449	2870
1450	6400
1451	3160
1452	490
1453	400
1454	460
1455	560
1456	700
1457	770
1458	770
1459	2160
1460	5820
1461	3460
1462	1060
1463	1110
1464	0
1465	0
1466	0
1467	0
1468	0
1469	0
1470	0
1471	0
1472	2040
1473	3300
1474	7420
1475	4270
1476	1410
1477	1310
1478	1250
1479	1210
1480	1190
1481	1190
1482	1220
1483	2820
1484	6810
1485	3960
1486	1330
1487	1360
1488	0
1489	0
1490	0
1491	0
1492	0
1493	0
1494	0
1495	0
1496	2580
1497	3800
1498	7690
1499	3510
1500	590
1501	490
1502	440
1503	370
1504	320
1505	270
1506	270
1507	1460
1508	4780
1509	2860
1510	480
1511	540
1512	0
1513	0
1514	0
1515	0
1516	0
1517	0
1518	0
1519	0
1520	1410
1521	2680
1522	6290
1523	3300
1524	780
1525	610
1526	440
1527	290
1528	250
1529	220
1530	200
1531	1030
1532	3410
1533	2090
1534	400
1535	420
1536	0
1537	0
1538	0
1539	0
1540	0
1541	0
1542	0
1543	0
1544	1470
1545	2930
1546	6760
1547	3340
1548	840
1549	790
1550	820
1551	870
1552	950
1553	940
1554	950
1555	2590
1556	6560
1557	3710
1558	1130
1559	1150
1560	0
1561	0
1562	0
1563	0
1564	0
1565	0
1566	0
1567	0
1568	2490
1569	4140
1570	8730
1571	3830
1572	540
1573	410
1574	370
1575	310
1576	260
1577	240
1578	240
1579	1510
1580	5070
1581	2970
1582	400
1583	420
1584	0
1585	0
1586	0
1587	0
1588	0
1589	0
1590	0
1591	0
1592	1730
1593	3670
1594	8340
1595	3660
1596	420
1597	380
1598	360
1599	330
1600	240
1601	210
1602	200
1603	1630
1604	5640
1605	3510
1606	380
1607	410
1608	0
1609	0
1610	0
1611	0
1612	0
1613	0
1614	0
1615	0
1616	1130
1617	3480
1618	8920
1619	3950
1620	380
1621	310
1622	280
1623	220
1624	170
1625	160
1626	160
1627	1480
1628	5490
1629	3640
1630	370
1631	420
1632	0
1633	0
1634	0
1635	0
1636	0
1637	0
1638	0
1639	0
1640	960
1641	3130
1642	8210
1643	3580
1644	320
1645	230
1646	170
1647	130
1648	100
1649	120
1650	140
1651	1130
1652	3920
1653	2420
1654	280
1655	310
1656	0
1657	0
1658	0
1659	0
1660	0
1661	0
1662	0
1663	0
1664	790
1665	2320
1666	6220
1667	2970
1668	420
1669	360
1670	280
1671	210
1672	190
1673	170
1674	180
1675	1100
1676	3810
1677	2380
1678	390
1679	510
1680	0
1681	0
1682	0
1683	0
1684	0
1685	0
1686	0
1687	0
1688	1960
1689	4040
1690	8920
1691	3420
1692	310
1693	250
1694	200
1695	150
1696	120
1697	110
1698	100
1699	550
1700	2560
1701	2260
1702	260
1703	290
1704	0
1705	0
1706	0
1707	0
1708	0
1709	0
1710	0
1711	0
1712	1130
1713	3240
1714	7740
1715	3030
1716	240
1717	160
1718	140
1719	110
1720	80
1721	90
1722	70
1723	410
1724	1960
1725	2020
1726	170
1727	230
1728	0
1729	0
1730	0
1731	0
1732	0
1733	0
1734	0
1735	0
1736	610
1737	2520
1738	6350
1739	2510
1740	150
1741	110
1742	80
1743	60
1744	60
1745	50
1746	40
1747	280
1748	1520
1749	1810
1750	90
1751	120
1752	0
1753	0
1754	0
1755	0
1756	0
1757	0
1758	0
1759	0
1760	560
1761	2490
1762	6460
1763	2590
1764	110
1765	80
1766	60
1767	40
1768	20
1769	20
1770	10
1771	100
1772	1070
1773	1820
1774	70
1775	70
1776	0
1777	0
1778	0
1779	0
1780	0
1781	0
1782	0
1783	0
1784	310
1785	1530
1786	4600
1787	2290
1788	50
1789	30
1790	10
1791	0
1792	0
1793	0
1794	0
1795	0
1796	250
1797	770
1798	10
1799	20
1800	0
1801	0
1802	0
1803	0
1804	0
1805	0
1806	0
1807	0
1808	60
1809	960
1810	3410
1811	2010
1812	60
1813	70
1814	60
1815	50
1816	50
1817	40
1818	50
1819	620
1820	2180
1821	1410
1822	70
1823	90
1824	0
1825	0
1826	0
1827	0
1828	0
1829	0
1830	0
1831	0
1832	350
1833	1490
1834	4050
1835	1920
1836	150
1837	120
1838	110
1839	60
1840	60
1841	40
1842	50
1843	480
1844	1880
1845	1520
1846	90
1847	90
1848	0
1849	0
1850	0
1851	0
1852	0
1853	0
1854	0
1855	0
1856	300
1857	1550
1858	4400
1859	2010
1860	110
1861	80
1862	60
1863	60
1864	40
1865	40
1866	30
1867	320
1868	1320
1869	1630
1870	60
1871	80
1872	0
1873	0
1874	0
1875	0
1876	0
1877	0
1878	0
1879	0
1880	380
1881	2200
1882	6380
1883	2890
1884	90
1885	60
1886	40
1887	20
1888	10
1889	10
1890	0
1891	20
1892	450
1893	1400
1894	40
1895	50
1896	0
1897	0
1898	0
1899	0
1900	0
1901	0
1902	0
1903	0
1904	190
1905	1820
1906	5020
1907	2000
1908	20
1909	10
1910	10
1911	20
1912	20
1913	20
1914	20
1915	560
1916	2230
1917	1630
1918	90
1919	90
1920	0
1921	0
1922	0
1923	0
1924	0
1925	0
1926	0
1927	0
1928	170
1929	1160
1930	3610
1931	1780
1932	40
1933	50
1934	40
1935	30
1936	30
1937	40
1938	30
1939	690
1940	2420
1941	1520
1942	70
1943	80
1944	0
1945	0
1946	0
1947	0
1948	0
1949	0
1950	0
1951	0
1952	250
1953	1380
1954	4220
1955	2090
1956	80
1957	60
1958	60
1959	40
1960	40
1961	40
1962	40
1963	770
1964	2930
1965	1940
1966	70
1967	80
1968	0
1969	0
1970	0
1971	0
1972	0
1973	0
1974	0
1975	0
1976	370
1977	2000
1978	6070
1979	2810
1980	120
1981	80
1982	70
1983	50
1984	60
1985	50
1986	60
1987	1070
1988	3900
1989	2480
1990	150
1991	170
1992	0
1993	0
1994	0
1995	0
1996	0
1997	0
1998	0
1999	0
2000	880
2001	2680
2002	7000
2003	3020
2004	170
2005	140
2006	120
2007	110
2008	90
2009	90
2010	70
2011	1160
2012	4290
2013	2670
2014	150
2015	180
2016	0
2017	0
2018	0
2019	0
2020	0
2021	0
2022	0
2023	0
2024	620
2025	2590
2026	7280
2027	3270
2028	170
2029	140
2030	120
2031	110
2032	80
2033	90
2034	80
2035	1310
2036	4830
2037	3050
2038	190
2039	210
2040	0
2041	0
2042	0
2043	0
2044	0
2045	0
2046	0
2047	0
2048	830
2049	2990
2050	8330
2051	3730
2052	200
2053	160
2054	130
2055	120
2056	110
2057	100
2058	110
2059	1610
2060	5710
2061	3350
2062	210
2063	250
2064	0
2065	0
2066	0
2067	0
2068	0
2069	0
2070	0
2071	0
2072	940
2073	3020
2074	8270
2075	3720
2076	230
2077	170
2078	140
2079	120
2080	110
2081	100
2082	90
2083	1360
2084	5080
2085	3290
2086	160
2087	220
2088	0
2089	0
2090	0
2091	0
2092	0
2093	0
2094	0
2095	0
2096	740
2097	2920
2098	8090
2099	3590
2100	190
2101	150
2102	120
2103	90
2104	80
2105	80
2106	80
2107	1040
2108	4090
2109	3070
2110	120
2111	160
2112	0
2113	0
2114	0
2115	0
2116	0
2117	0
2118	0
2119	0
2120	550
2121	2320
2122	6380
2123	2870
2124	110
2125	70
2126	50
2127	50
2128	30
2129	20
2130	20
2131	160
2132	1040
2133	1750
2134	40
2135	60
2136	0
2137	0
2138	0
2139	0
2140	0
2141	0
2142	0
2143	0
2144	170
2145	1170
2146	3630
2147	1820
2148	30
2149	10
2150	10
2151	0
2152	0
2153	0
2154	0
2155	0
2156	240
2157	1010
2158	10
2159	20
2160	0
2161	0
2162	0
2163	0
2164	0
2165	0
2166	0
2167	0
2168	60
2169	1060
2170	3460
2171	2080
2172	10
2173	0
2174	0
2175	0
2176	0
2177	0
2178	0
2179	0
2180	110
2181	910
2182	0
2183	10
2184	0
2185	0
2186	0
2187	0
2188	0
2189	0
2190	0
2191	0
2192	60
2193	1260
2194	3550
2195	1690
2196	0
2197	0
2198	0
2199	0
2200	0
2201	0
2202	0
2203	0
2204	30
2205	500
2206	0
2207	0
2208	0
2209	0
2210	0
2211	0
2212	0
2213	0
2214	0
2215	0
2216	30
2217	710
2218	1970
2219	1280
2220	0
2221	0
2222	0
2223	0
2224	0
2225	0
2226	0
2227	0
2228	0
2229	290
2230	0
2231	0
2232	0
2233	0
2234	0
2235	0
2236	0
2237	0
2238	0
2239	0
2240	0
2241	360
2242	1200
2243	1170
2244	0
2245	0
2246	0
2247	0
2248	0
2249	0
2250	0
2251	10
2252	210
2253	840
2254	0
2255	0
2256	0
2257	0
2258	0
2259	0
2260	0
2261	0
2262	0
2263	0
2264	0
2265	670
2266	2190
2267	1460
2268	0
2269	0
2270	0
2271	0
2272	0
2273	0
2274	0
2275	80
2276	460
2277	990
2278	0
2279	0
2280	0
2281	0
2282	0
2283	0
2284	0
2285	0
2286	0
2287	0
2288	10
2289	920
2290	3050
2291	2030
2292	0
2293	0
2294	0
2295	0
2296	0
2297	0
2298	0
2299	670
2300	2630
2301	1890
2302	0
2303	0
2304	0
2305	0
2306	0
2307	0
2308	0
2309	0
2310	0
2311	0
2312	40
2313	1560
2314	5330
2315	2670
2316	20
2317	20
2318	10
2319	0
2320	0
2321	0
2322	0
2323	860
2324	3470
2325	2470
2326	20
2327	40
2328	0
2329	0
2330	0
2331	0
2332	0
2333	0
2334	0
2335	0
2336	110
2337	1640
2338	5290
2339	2480
2340	20
2341	30
2342	20
2343	20
2344	10
2345	10
2346	10
2347	1200
2348	4160
2349	2400
2350	40
2351	60
2352	0
2353	0
2354	0
2355	0
2356	0
2357	0
2358	0
2359	0
2360	280
2361	2200
2362	6380
2363	2790
2364	50
2365	50
2366	40
2367	30
2368	20
2369	20
2370	30
2371	990
2372	3580
2373	2360
2374	40
2375	60
2376	0
2377	0
2378	0
2379	0
2380	0
2381	0
2382	0
2383	0
2384	230
2385	1890
2386	6060
2387	2980
2388	140
2389	130
2390	130
2391	130
2392	140
2393	150
2394	160
2395	1550
2396	5080
2397	2610
2398	240
2399	290
2400	0
2401	0
2402	0
2403	0
2404	0
2405	0
2406	0
2407	0
2408	960
2409	2240
2410	5710
2411	2600
2412	210
2413	170
2414	130
2415	100
2416	80
2417	60
2418	50
2419	650
2420	2280
2421	1690
2422	120
2423	140
2424	0
2425	0
2426	0
2427	0
2428	0
2429	0
2430	0
2431	0
2432	990
2433	2520
2434	6510
2435	3050
2436	280
2437	150
2438	110
2439	90
2440	70
2441	80
2442	80
2443	1030
2444	3710
2445	2090
2446	160
2447	170
2448	0
2449	0
2450	0
2451	0
2452	0
2453	0
2454	0
2455	0
2456	730
2457	2020
2458	5350
2459	2550
2460	250
2461	190
2462	150
2463	130
2464	110
2465	100
2466	100
2467	1060
2468	3440
2469	2060
2470	150
2471	180
2472	0
2473	0
2474	0
2475	0
2476	0
2477	0
2478	0
2479	0
2480	1120
2481	2270
2482	5700
2483	2530
2484	170
2485	130
2486	110
2487	90
2488	80
2489	80
2490	60
2491	400
2492	1310
2493	1340
2494	60
2495	60
2496	0
2497	0
2498	0
2499	0
2500	0
2501	0
2502	0
2503	0
2504	300
2505	1700
2506	4950
2507	2330
2508	70
2509	60
2510	40
2511	30
2512	20
2513	30
2514	20
2515	390
2516	1560
2517	1340
2518	40
2519	50
2520	0
2521	0
2522	0
2523	0
2524	0
2525	0
2526	0
2527	0
2528	200
2529	1510
2530	4670
2531	2250
2532	70
2533	70
2534	80
2535	70
2536	50
2537	50
2538	50
2539	940
2540	3540
2541	2280
2542	70
2543	70
2544	0
2545	0
2546	0
2547	0
2548	0
2549	0
2550	0
2551	0
2552	240
2553	1590
2554	5040
2555	2480
2556	160
2557	150
2558	150
2559	150
2560	140
2561	140
2562	140
2563	1340
2564	4440
2565	2380
2566	250
2567	260
2568	0
2569	0
2570	0
2571	0
2572	0
2573	0
2574	0
2575	0
2576	880
2577	2040
2578	5220
2579	2620
2580	410
2581	320
2582	250
2583	250
2584	230
2585	240
2586	290
2587	1340
2588	3990
2589	2220
2590	500
2591	540
2592	0
2593	0
2594	0
2595	0
2596	0
2597	0
2598	0
2599	0
2600	1300
2601	2530
2602	6200
2603	3350
2604	720
2605	500
2606	450
2607	380
2608	260
2609	230
2610	320
2611	1790
2612	5450
2613	3140
2614	780
2615	820
2616	0
2617	0
2618	0
2619	0
2620	0
2621	0
2622	0
2623	0
2624	1710
2625	3020
2626	6540
2627	2940
2628	490
2629	420
2630	280
2631	230
2632	190
2633	160
2634	140
2635	1210
2636	3970
2637	2380
2638	290
2639	380
2640	0
2641	0
2642	0
2643	0
2644	0
2645	0
2646	0
2647	0
2648	1280
2649	2480
2650	5720
2651	2430
2652	200
2653	140
2654	120
2655	100
2656	100
2657	80
2658	80
2659	340
2660	1070
2661	1050
2662	80
2663	90
2664	0
2665	0
2666	0
2667	0
2668	0
2669	0
2670	0
2671	0
2672	330
2673	1600
2674	4740
2675	2220
2676	150
2677	100
2678	80
2679	70
2680	50
2681	50
2682	50
2683	400
2684	1610
2685	1290
2686	70
2687	90
2688	0
2689	0
2690	0
2691	0
2692	0
2693	0
2694	0
2695	0
2696	370
2697	1310
2698	3260
2699	1230
2700	60
2701	40
2702	30
2703	20
2704	20
2705	10
2706	0
2707	0
2708	0
2709	0
2710	0
2711	10
2712	0
2713	0
2714	0
2715	0
2716	0
2717	0
2718	0
2719	0
2720	60
2721	510
2722	1200
2723	570
2724	0
2725	0
2726	0
2727	0
2728	0
2729	0
2730	0
2731	0
2732	0
2733	0
2734	0
2735	0
2736	0
2737	0
2738	0
2739	0
2740	0
2741	0
2742	0
2743	0
2744	20
2745	690
2746	2430
2747	1550
2748	10
2749	0
2750	0
2751	0
2752	0
2753	0
2754	0
2755	10
2756	130
2757	520
2758	0
2759	0
2760	0
2761	0
2762	0
2763	0
2764	0
2765	0
2766	0
2767	0
2768	10
2769	630
2770	2130
2771	1230
2772	0
2773	0
2774	0
2775	0
2776	0
2777	0
2778	0
2779	150
2780	610
2781	740
2782	0
2783	0
2784	0
2785	0
2786	0
2787	0
2788	0
2789	0
2790	0
2791	0
2792	20
2793	640
2794	1860
2795	860
2796	0
2797	0
2798	0
2799	0
2800	0
2801	0
2802	0
2803	320
2804	1340
2805	1290
2806	0
2807	0
2808	0
2809	0
2810	0
2811	0
2812	0
2813	0
2814	0
2815	0
2816	10
2817	940
2818	3210
2819	1750
2820	0
2821	0
2822	0
2823	0
2824	0
2825	0
2826	0
2827	540
2828	2000
2829	1370
2830	10
2831	10
2832	0
2833	0
2834	0
2835	0
2836	0
2837	0
2838	0
2839	0
2840	70
2841	1280
2842	3760
2843	1550
2844	0
2845	0
2846	0
2847	0
2848	0
2849	10
2850	0
2851	550
2852	2110
2853	1290
2854	20
2855	10
2856	0
2857	0
2858	0
2859	0
2860	0
2861	0
2862	0
2863	0
2864	70
2865	720
2866	1930
2867	680
2868	0
2869	0
2870	0
2871	0
2872	0
2873	0
2874	0
2875	0
2876	0
2877	120
2878	0
2879	0
2880	0
2881	0
2882	0
2883	0
2884	0
2885	0
2886	0
2887	0
2888	10
2889	390
2890	1010
2891	420
2892	0
2893	0
2894	0
2895	0
2896	0
2897	0
2898	0
2899	310
2900	1470
2901	1220
2902	0
2903	0
2904	0
2905	0
2906	0
2907	0
2908	0
2909	0
2910	0
2911	0
2912	0
2913	570
2914	2030
2915	1200
2916	0
2917	0
2918	0
2919	0
2920	0
2921	0
2922	0
2923	410
2924	1770
2925	1280
2926	0
2927	0
2928	0
2929	0
2930	0
2931	0
2932	0
2933	0
2934	0
2935	0
2936	20
2937	900
2938	3200
2939	1690
2940	20
2941	0
2942	10
2943	0
2944	0
2945	0
2946	0
2947	580
2948	2240
2949	1410
2950	10
2951	10
2952	0
2953	0
2954	0
2955	0
2956	0
2957	0
2958	0
2959	0
2960	50
2961	1140
2962	3670
2963	1680
2964	10
2965	0
2966	0
2967	0
2968	0
2969	0
2970	0
2971	390
2972	1440
2973	1320
2974	10
2975	10
2976	0
2977	0
2978	0
2979	0
2980	0
2981	0
2982	0
2983	0
2984	50
2985	1360
2986	4730
2987	2420
2988	20
2989	20
2990	30
2991	20
2992	20
2993	10
2994	20
2995	1010
2996	3720
2997	2150
2998	40
2999	60
3000	0
3001	0
3002	0
3003	0
3004	0
3005	0
3006	0
3007	0
3008	320
3009	1240
3010	3860
3011	1740
3012	20
3013	10
3014	0
3015	0
3016	10
3017	10
3018	20
3019	850
3020	3210
3021	1810
3022	30
3023	50
3024	0
3025	0
3026	0
3027	0
3028	0
3029	0
3030	0
3031	0
3032	180
3033	1420
3034	4120
3035	1580
3036	10
3037	10
3038	0
3039	0
3040	0
3041	0
3042	0
3043	0
3044	0
3045	170
3046	0
3047	0
3048	0
3049	0
3050	0
3051	0
3052	0
3053	0
3054	0
3055	0
3056	10
3057	340
3058	900
3059	420
3060	0
3061	0
3062	0
3063	0
3064	0
3065	0
3066	0
3067	0
3068	0
3069	0
3070	0
3071	0
3072	0
3073	0
3074	0
3075	0
3076	0
3077	0
3078	0
3079	0
3080	0
3081	0
3082	10
3083	0
3084	0
3085	0
3086	0
3087	0
3088	0
3089	0
3090	0
3091	0
3092	0
3093	0
3094	0
3095	0
3096	0
3097	0
3098	0
3099	0
3100	0
3101	0
3102	0
3103	0
3104	0
3105	90
3106	150
3107	260
3108	0
3109	0
3110	0
3111	0
3112	0
3113	0
3114	0
3115	0
3116	0
3117	30
3118	0
3119	0
3120	0
3121	0
3122	0
3123	0
3124	0
3125	0
3126	0
3127	0
3128	0
3129	160
3130	450
3131	490
3132	0
3133	0
3134	0
3135	0
3136	0
3137	0
3138	0
3139	70
3140	220
3141	580
3142	0
3143	0
3144	0
3145	0
3146	0
3147	0
3148	0
3149	0
3150	0
3151	0
3152	0
3153	240
3154	880
3155	810
3156	0
3157	0
3158	0
3159	0
3160	0
3161	0
3162	0
3163	0
3164	10
3165	310
3166	0
3167	0
3168	0
3169	0
3170	0
3171	0
3172	0
3173	0
3174	0
3175	0
3176	0
3177	440
3178	1320
3179	910
3180	0
3181	0
3182	0
3183	0
3184	0
3185	0
3186	0
3187	0
3188	0
3189	20
3190	0
3191	0
3192	0
3193	0
3194	0
3195	0
3196	0
3197	0
3198	0
3199	0
3200	0
3201	70
3202	160
3203	420
3204	0
3205	0
3206	0
3207	0
3208	0
3209	0
3210	0
3211	0
3212	0
3213	160
3214	0
3215	0
3216	0
3217	0
3218	0
3219	0
3220	0
3221	0
3222	0
3223	0
3224	0
3225	100
3226	160
3227	220
3228	0
3229	0
3230	0
3231	0
3232	0
3233	0
3234	0
3235	0
3236	0
3237	0
3238	0
3239	0
3240	0
3241	0
3242	0
3243	0
3244	0
3245	0
3246	0
3247	0
3248	0
3249	0
3250	0
3251	0
3252	0
3253	0
3254	0
3255	0
3256	0
3257	0
3258	0
3259	0
3260	0
3261	0
3262	0
3263	0
3264	0
3265	0
3266	0
3267	0
3268	0
3269	0
3270	0
3271	0
3272	0
3273	0
3274	0
3275	0
3276	0
3277	0
3278	0
3279	0
3280	0
3281	0
3282	0
3283	0
3284	0
3285	0
3286	0
3287	0
3288	0
3289	0
3290	0
3291	0
3292	0
3293	0
3294	0
3295	0
3296	0
3297	0
3298	0
3299	0
3300	0
3301	0
3302	0
3303	0
3304	0
3305	0
3306	0
3307	0
3308	0
3309	80
3310	0
3311	0
3312	0
3313	0
3314	0
3315	0
3316	0
3317	0
3318	0
3319	0
3320	0
3321	0
3322	0
3323	60
3324	0
3325	0
3326	0
3327	0
3328	0
3329	0
3330	0
3331	0
3332	0
3333	110
3334	0
3335	0
3336	0
3337	0
3338	0
3339	0
3340	0
3341	0
3342	0
3343	0
3344	0
3345	20
3346	20
3347	80
3348	0
3349	0
3350	0
3351	0
3352	0
3353	0
3354	0
3355	0
3356	0
3357	0
3358	0
3359	0
3360	0
3361	0
3362	0
3363	0
3364	0
3365	0
3366	0
3367	0
3368	0
3369	240
3370	410
3371	290
3372	0
3373	0
3374	0
3375	0
3376	0
3377	0
3378	0
3379	0
3380	0
3381	170
3382	0
3383	0
3384	0
3385	0
3386	0
3387	0
3388	0
3389	0
3390	0
3391	0
3392	0
3393	130
3394	270
3395	220
3396	0
3397	0
3398	0
3399	0
3400	0
3401	0
3402	0
3403	0
3404	0
3405	20
3406	0
3407	0
3408	0
3409	0
3410	0
3411	0
3412	0
3413	0
3414	0
3415	0
3416	0
3417	0
3418	0
3419	20
3420	0
3421	0
3422	0
3423	0
3424	0
3425	0
3426	0
3427	0
3428	0
3429	0
3430	0
3431	0
3432	0
3433	0
3434	0
3435	0
3436	0
3437	0
3438	0
3439	0
3440	0
3441	0
3442	0
3443	0
3444	0
3445	0
3446	0
3447	0
3448	0
3449	0
3450	0
3451	0
3452	0
3453	0
3454	0
3455	0
3456	0
3457	0
3458	0
3459	0
3460	0
3461	0
3462	0
3463	0
3464	0
3465	0
3466	0
3467	0
3468	0
3469	0
3470	0
3471	0
3472	0
3473	0
3474	0
3475	0
3476	0
3477	0
3478	0
3479	0
3480	0
3481	0
3482	0
3483	0
3484	0
3485	0
3486	0
3487	0
3488	0
3489	0
3490	0
3491	0
3492	0
3493	0
3494	0
3495	0
3496	0
3497	0
3498	0
3499	0
3500	0
3501	0
3502	0
3503	0
3504	0
3505	0
3506	0
3507	0
3508	0
3509	0
3510	0
3511	0
3512	0
3513	0
3514	0
3515	0
3516	0
3517	0
3518	0
3519	0
3520	0
3521	0
3522	0
3523	0
3524	0
3525	0
3526	0
3527	0
3528	0
3529	0
3530	0
3531	0
3532	0
3533	0
3534	0
3535	0
3536	0
3537	0
3538	0
3539	0
3540	0
3541	0
3542	0
3543	0
3544	0
3545	0
3546	0
3547	0
3548	0
3549	0
3550	0
3551	0
3552	0
3553	0
3554	0
3555	0
3556	0
3557	0
3558	0
3559	0
3560	0
3561	0
3562	0
3563	0
3564	0
3565	0
3566	0
3567	0
3568	0
3569	0
3570	0
3571	0
3572	0
3573	0
3574	0
3575	0
3576	0
3577	0
3578	0
3579	0
3580	0
3581	0
3582	0
3583	0
3584	0
3585	0
3586	0
3587	80
3588	0
3589	0
3590	0
3591	0
3592	0
3593	0
3594	0
3595	0
3596	0
3597	0
3598	0
3599	0
3600	0
3601	0
3602	0
3603	0
3604	0
3605	0
3606	0
3607	0
3608	0
3609	70
3610	260
3611	300
3612	0
3613	0
3614	0
3615	0
3616	0
3617	0
3618	0
3619	50
3620	240
3621	370
3622	0
3623	0
3624	0
3625	0
3626	0
3627	0
3628	0
3629	0
3630	0
3631	0
3632	0
3633	430
3634	1190
3635	510
3636	0
3637	0
3638	0
3639	0
3640	0
3641	0
3642	0
3643	0
3644	0
3645	130
3646	0
3647	0
3648	0
3649	0
3650	0
3651	0
3652	0
3653	0
3654	0
3655	0
3656	0
3657	150
3658	200
3659	80
3660	0
3661	0
3662	0
3663	0
3664	0
3665	0
3666	0
3667	0
3668	0
3669	0
3670	0
3671	0
3672	0
3673	0
3674	0
3675	0
3676	0
3677	0
3678	0
3679	0
3680	0
3681	0
3682	0
3683	0
3684	0
3685	0
3686	0
3687	0
3688	0
3689	0
3690	0
3691	0
3692	0
3693	0
3694	0
3695	0
3696	0
3697	0
3698	0
3699	0
3700	0
3701	0
3702	0
3703	0
3704	0
3705	0
3706	0
3707	0
3708	0
3709	0
3710	0
3711	0
3712	0
3713	0
3714	0
3715	0
3716	0
3717	0
3718	0
3719	0
3720	0
3721	0
3722	0
3723	0
3724	0
3725	0
3726	0
3727	0
3728	0
3729	0
3730	0
3731	0
3732	0
3733	0
3734	0
3735	0
3736	0
3737	0
3738	0
3739	0
3740	0
3741	0
3742	0
3743	0
3744	0
3745	0
3746	0
3747	0
3748	0
3749	0
3750	0
3751	0
3752	0
3753	0
3754	0
3755	0
3756	0
3757	0
3758	0
3759	0
3760	0
3761	0
3762	0
3763	0
3764	0
3765	0
3766	0
3767	0
3768	0
3769	0
3770	0
3771	0
3772	0
3773	0
3774	0
3775	0
3776	0
3777	0
3778	0
3779	20
3780	0
3781	0
3782	0
3783	0
3784	0
3785	0
3786	0
3787	0
3788	0
3789	0
3790	0
3791	0
3792	0
3793	0
3794	0
3795	0
3796	0
3797	0
3798	0
3799	0
3800	0
3801	0
3802	0
3803	0
3804	0
3805	0
3806	0
3807	0
3808	0
3809	0
3810	0
3811	0
3812	0
3813	0
3814	0
3815	0
3816	0
3817	0
3818	0
3819	0
3820	0
3821	0
3822	0
3823	0
3824	0
3825	0
3826	0
3827	0
3828	0
3829	0
3830	0
3831	0
3832	0
3833	0
3834	0
3835	0
3836	0
3837	0
3838	0
3839	0
3840	0
3841	0
3842	0
3843	0
3844	0
3845	0
3846	0
3847	0
3848	0
3849	0
3850	0
3851	0
3852	0
3853	0
3854	0
3855	0
3856	0
3857	0
3858	0
3859	0
3860	0
3861	0
3862	0
3863	0
3864	0
3865	0
3866	0
3867	0
3868	0
3869	0
3870	0
3871	0
3872	0
3873	0
3874	0
3875	0
3876	0
3877	0
3878	0
3879	0
3880	0
3881	0
3882	0
3883	0
3884	0
3885	0
3886	0
3887	0
3888	0
3889	0
3890	0
3891	0
3892	0
3893	0
3894	0
3895	0
3896	0
3897	0
3898	0
3899	0
3900	0
3901	0
3902	0
3903	0
3904	0
3905	0
3906	0
3907	0
3908	0
3909	0
3910	0
3911	0
3912	0
3913	0
3914	0
3915	0
3916	0
3917	0
3918	0
3919	0
3920	0
3921	0
3922	0
3923	0
3924	0
3925	0
3926	0
3927	0
3928	0
3929	0
3930	0
3931	0
3932	0
3933	0
3934	0
3935	0
3936	0
3937	0
3938	0
3939	0
3940	0
3941	0
3942	0
3943	0
3944	0
3945	0
3946	0
3947	0
3948	0
3949	0
3950	0
3951	0
3952	0
3953	0
3954	0
3955	0
3956	0
3957	0
3958	0
3959	0
3960	0
3961	0
3962	0
3963	0
3964	0
3965	0
3966	0
3967	0
3968	0
3969	0
3970	0
3971	0
3972	0
3973	0
3974	0
3975	0
3976	0
3977	0
3978	0
3979	0
3980	0
3981	0
3982	0
3983	0
3984	0
3985	0
3986	0
3987	0
3988	0
3989	0
3990	0
3991	0
3992	0
3993	0
3994	0
3995	0
3996	0
3997	0
3998	0
3999	0
4000	0
4001	0
4002	0
4003	0
4004	0
4005	0
4006	0
4007	0
4008	0
4009	0
4010	0
4011	0
4012	0
4013	0
4014	0
4015	0
4016	0
4017	0
4018	0
4019	0
4020	0
4021	0
4022	0
4023	0
4024	0
4025	0
4026	0
4027	0
4028	0
4029	0
4030	0
4031	0
4032	0
4033	0
4034	0
4035	0
4036	0
4037	0
4038	0
4039	0
4040	0
4041	0
4042	0
4043	0
4044	0
4045	0
4046	0
4047	0
4048	0
4049	0
4050	0
4051	0
4052	0
4053	0
4054	0
4055	0
4056	0
4057	0
4058	0
4059	0
4060	0
4061	0
4062	0
4063	0
4064	0
4065	0
4066	0
4067	0
4068	0
4069	0
4070	0
4071	0
4072	0
4073	0
4074	0
4075	0
4076	0
4077	0
4078	0
4079	0
4080	0
4081	0
4082	0
4083	0
4084	0
4085	0
4086	0
4087	0
4088	0
4089	0
4090	0
4091	0
4092	0
4093	0
4094	0
4095	0
4096	0
4097	0
4098	0
4099	0
4100	0
4101	0
4102	0
4103	0
4104	0
4105	0
4106	0
4107	0
4108	0
4109	0
4110	0
4111	0
4112	0
4113	0
4114	0
4115	0
4116	0
4117	0
4118	0
4119	0
4120	0
4121	0
4122	0
4123	0
4124	0
4125	0
4126	0
4127	0
4128	0
4129	0
4130	0
4131	0
4132	0
4133	0
4134	0
4135	0
4136	0
4137	0
4138	0
4139	30
4140	0
4141	0
4142	0
4143	0
4144	0
4145	0
4146	0
4147	0
4148	0
4149	0
4150	0
4151	0
4152	0
4153	0
4154	0
4155	0
4156	0
4157	0
4158	0
4159	0
4160	0
4161	20
4162	50
4163	60
4164	0
4165	0
4166	0
4167	0
4168	0
4169	0
4170	0
4171	0
4172	0
4173	70
4174	0
4175	0
4176	0
4177	0
4178	0
4179	0
4180	0
4181	0
4182	0
4183	0
4184	0
4185	30
4186	40
4187	30
4188	0
4189	0
4190	0
4191	0
4192	0
4193	0
4194	0
4195	0
4196	0
4197	0
4198	0
4199	0
4200	0
4201	0
4202	0
4203	0
4204	0
4205	0
4206	0
4207	0
4208	0
4209	0
4210	10
4211	10
4212	0
4213	0
4214	0
4215	0
4216	0
4217	0
4218	0
4219	0
4220	0
4221	10
4222	0
4223	0
4224	0
4225	0
4226	0
4227	0
4228	0
4229	0
4230	0
4231	0
4232	0
4233	90
4234	210
4235	100
4236	0
4237	0
4238	0
4239	0
4240	0
4241	0
4242	0
4243	0
4244	0
4245	0
4246	0
4247	0
4248	0
4249	0
4250	0
4251	0
4252	0
4253	0
4254	0
4255	0
4256	0
4257	0
4258	0
4259	0
4260	0
4261	0
4262	0
4263	0
4264	0
4265	0
4266	0
4267	0
4268	0
4269	0
4270	0
4271	0
4272	0
4273	0
4274	0
4275	0
4276	0
4277	0
4278	0
4279	0
4280	0
4281	0
4282	0
4283	0
4284	0
4285	0
4286	0
4287	0
4288	0
4289	0
4290	0
4291	0
4292	0
4293	0
4294	0
4295	0
4296	0
4297	0
4298	0
4299	0
4300	0
4301	0
4302	0
4303	0
4304	0
4305	0
4306	0
4307	0
4308	0
4309	0
4310	0
4311	0
4312	0
4313	0
4314	0
4315	0
4316	0
4317	0
4318	0
4319	0
4320	0
4321	0
4322	0
4323	0
4324	0
4325	0
4326	0
4327	0
4328	0
4329	0
4330	0
4331	0
4332	0
4333	0
4334	0
4335	0
4336	0
4337	0
4338	0
4339	0
4340	0
4341	0
4342	0
4343	0
4344	0
4345	0
4346	0
4347	0
4348	0
4349	0
4350	0
4351	0
4352	0
4353	0
4354	0
4355	10
4356	0
4357	0
4358	0
4359	0
4360	0
4361	0
4362	0
4363	0
4364	0
4365	0
4366	0
4367	0
4368	0
4369	0
4370	0
4371	0
4372	0
4373	0
4374	0
4375	0
4376	0
4377	0
4378	0
4379	0
4380	0
4381	0
4382	0
4383	0
4384	0
4385	0
4386	0
4387	0
4388	0
4389	0
4390	0
4391	0
4392	0
4393	0
4394	0
4395	0
4396	0
4397	0
4398	0
4399	0
4400	0
4401	0
4402	0
4403	0
4404	0
4405	0
4406	0
4407	0
4408	0
4409	0
4410	0
4411	0
4412	0
4413	0
4414	0
4415	0
4416	0
4417	0
4418	0
4419	0
4420	0
4421	0
4422	0
4423	0
4424	0
4425	0
4426	0
4427	0
4428	0
4429	0
4430	0
4431	0
4432	0
4433	0
4434	0
4435	0
4436	0
4437	0
4438	0
4439	0
4440	0
4441	0
4442	0
4443	0
4444	0
4445	0
4446	0
4447	0
4448	0
4449	0
4450	0
4451	0
4452	0
4453	0
4454	0
4455	0
4456	0
4457	0
4458	0
4459	0
4460	0
4461	0
4462	0
4463	0
4464	0
4465	0
4466	0
4467	0
4468	0
4469	0
4470	0
4471	0
4472	0
4473	0
4474	0
4475	0
4476	0
4477	0
4478	0
4479	0
4480	0
4481	0
4482	0
4483	0
4484	0
4485	0
4486	0
4487	0
4488	0
4489	0
4490	0
4491	0
4492	0
4493	0
4494	0
4495	0
4496	0
4497	0
4498	0
4499	0
4500	0
4501	0
4502	0
4503	0
4504	0
4505	0
4506	0
4507	0
4508	0
4509	0
4510	0
4511	0
4512	0
4513	0
4514	0
4515	0
4516	0
4517	0
4518	0
4519	0
4520	0
4521	0
4522	0
4523	0
4524	0
4525	0
4526	0
4527	0
4528	0
4529	0
4530	0
4531	0
4532	0
4533	0
4534	0
4535	0
4536	0
4537	0
4538	0
4539	0
4540	0
4541	0
4542	0
4543	0
4544	0
4545	0
4546	0
4547	0
4548	0
4549	0
4550	0
4551	0
4552	0
4553	0
4554	0
4555	0
4556	0
4557	0
4558	0
4559	0
4560	0
4561	0
4562	0
4563	0
4564	0
4565	0
4566	0
4567	0
4568	0
4569	0
4570	0
4571	110
4572	0
4573	0
4574	0
4575	0
4576	0
4577	0
4578	0
4579	0
4580	0
4581	50
4582	0
4583	0
4584	0
4585	0
4586	0
4587	0
4588	0
4589	0
4590	0
4591	0
4592	0
4593	0
4594	0
4595	0
4596	0
4597	0
4598	0
4599	0
4600	0
4601	0
4602	0
4603	0
4604	0
4605	0
4606	0
4607	0
4608	0
4609	0
4610	0
4611	0
4612	0
4613	0
4614	0
4615	0
4616	0
4617	0
4618	0
4619	0
4620	0
4621	0
4622	0
4623	0
4624	0
4625	0
4626	0
4627	0
4628	0
4629	0
4630	0
4631	0
4632	0
4633	0
4634	0
4635	0
4636	0
4637	0
4638	0
4639	0
4640	0
4641	0
4642	0
4643	0
4644	0
4645	0
4646	0
4647	0
4648	0
4649	0
4650	0
4651	0
4652	0
4653	0
4654	0
4655	0
4656	0
4657	0
4658	0
4659	0
4660	0
4661	0
4662	0
4663	0
4664	0
4665	0
4666	0
4667	0
4668	0
4669	0
4670	0
4671	0
4672	0
4673	0
4674	0
4675	0
4676	0
4677	0
4678	0
4679	0
4680	0
4681	0
4682	0
4683	0
4684	0
4685	0
4686	0
4687	0
4688	0
4689	0
4690	0
4691	0
4692	0
4693	0
4694	0
4695	0
4696	0
4697	0
4698	0
4699	0
4700	0
4701	0
4702	0
4703	0
4704	0
4705	0
4706	0
4707	0
4708	0
4709	0
4710	0
4711	0
4712	0
4713	0
4714	0
4715	0
4716	0
4717	0
4718	0
4719	0
4720	0
4721	0
4722	0
4723	0
4724	0
4725	0
4726	0
4727	0
4728	0
4729	0
4730	0
4731	0
4732	0
4733	0
4734	0
4735	0
4736	0
4737	0
4738	0
4739	0
4740	0
4741	0
4742	0
4743	0
4744	0
4745	0
4746	0
4747	0
4748	0
4749	0
4750	0
4751	0
4752	0
4753	0
4754	0
4755	0
4756	0
4757	0
4758	0
4759	0
4760	0
4761	0
4762	0
4763	0
4764	0
4765	0
4766	0
4767	0
4768	0
4769	0
4770	0
4771	0
4772	0
4773	0
4774	0
4775	0
4776	0
4777	0
4778	0
4779	0
4780	0
4781	0
4782	0
4783	0
4784	0
4785	0
4786	0
4787	0
4788	0
4789	0
4790	0
4791	0
4792	0
4793	0
4794	0
4795	0
4796	0
4797	0
4798	0
4799	0
4800	0
4801	0
4802	0
4803	0
4804	0
4805	0
4806	0
4807	0
4808	0
4809	0
4810	0
4811	0
4812	0
4813	0
4814	0
4815	0
4816	0
4817	0
4818	0
4819	0
4820	0
4821	0
4822	0
4823	0
4824	0
4825	0
4826	0
4827	0
4828	0
4829	0
4830	0
4831	0
4832	0
4833	0
4834	0
4835	0
4836	0
4837	0
4838	0
4839	0
4840	0
4841	0
4842	0
4843	0
4844	0
4845	0
4846	0
4847	0
4848	0
4849	0
4850	0
4851	0
4852	0
4853	0
4854	0
4855	0
4856	0
4857	0
4858	0
4859	0
4860	0
4861	0
4862	0
4863	0
4864	0
4865	0
4866	0
4867	0
4868	0
4869	0
4870	0
4871	0
4872	0
4873	0
4874	0
4875	0
4876	0
4877	0
4878	0
4879	0
4880	0
4881	0
4882	0
4883	0
4884	0
4885	0
4886	0
4887	0
4888	0
4889	0
4890	0
4891	0
4892	0
4893	0
4894	0
4895	0
4896	0
4897	0
4898	0
4899	0
4900	0
4901	0
4902	0
4903	0
4904	0
4905	0
4906	0
4907	0
4908	0
4909	0
4910	0
4911	0
4912	0
4913	0
4914	0
4915	0
4916	0
4917	0
4918	0
4919	0
4920	0
4921	0
4922	0
4923	0
4924	0
4925	0
4926	0
4927	0
4928	0
4929	0
4930	0
4931	0
4932	0
4933	0
4934	0
4935	0
4936	0
4937	0
4938	0
4939	0
4940	0
4941	0
4942	0
4943	0
4944	0
4945	0
4946	0
4947	0
4948	0
4949	0
4950	0
4951	0
4952	0
4953	0
4954	0
4955	0
4956	0
4957	0
4958	0
4959	0
4960	0
4961	0
4962	0
4963	0
4964	0
4965	0
4966	0
4967	0
4968	0
4969	0
4970	0
4971	0
4972	0
4973	0
4974	0
4975	0
4976	0
4977	0
4978	0
4979	0
4980	0
4981	0
4982	0
4983	0
4984	0
4985	0
4986	0
4987	0
4988	0
4989	0
4990	0
4991	0
4992	0
4993	0
4994	0
4995	0
4996	0
4997	0
4998	0
4999	0
5000	0
5001	0
5002	0
5003	0
5004	0
5005	0
5006	0
5007	0
5008	0
5009	0
5010	0
5011	0
5012	0
5013	0
5014	0
5015	0
5016	0
5017	0
5018	0
5019	0
5020	0
5021	0
5022	0
5023	0
5024	0
5025	0
5026	0
5027	0
5028	0
5029	0
5030	0
5031	0
5032	0
5033	0
5034	0
5035	0
5036	0
5037	0
5038	0
5039	0
5040	0
5041	0
5042	0
5043	0
5044	0
5045	0
5046	0
5047	0
5048	0
5049	0
5050	0
5051	0
5052	0
5053	0
5054	0
5055	0
5056	0
5057	0
5058	0
5059	0
5060	0
5061	0
5062	0
5063	0
5064	0
5065	0
5066	0
5067	0
5068	0
5069	0
5070	0
5071	0
5072	0
5073	0
5074	0
5075	0
5076	0
5077	0
5078	0
5079	0
5080	0
5081	0
5082	0
5083	0
5084	0
5085	0
5086	0
5087	0
5088	0
5089	0
5090	0
5091	0
5092	0
5093	0
5094	0
5095	0
5096	0
5097	0
5098	0
5099	0
5100	0
5101	0
5102	0
5103	0
5104	0
5105	0
5106	0
5107	0
5108	0
5109	0
5110	0
5111	0
5112	0
5113	0
5114	0
5115	0
5116	0
5117	0
5118	0
5119	0
5120	0
5121	0
5122	0
5123	0
5124	0
5125	0
5126	0
5127	0
5128	0
5129	0
5130	0
5131	0
5132	0
5133	0
5134	0
5135	0
5136	0
5137	0
5138	0
5139	0
5140	0
5141	0
5142	0
5143	0
5144	0
5145	0
5146	0
5147	0
5148	0
5149	0
5150	0
5151	0
5152	0
5153	0
5154	0
5155	0
5156	0
5157	0
5158	0
5159	0
5160	0
5161	0
5162	0
5163	0
5164	0
5165	0
5166	0
5167	0
5168	0
5169	0
5170	0
5171	0
5172	0
5173	0
5174	0
5175	0
5176	0
5177	0
5178	0
5179	0
5180	0
5181	0
5182	0
5183	0
5184	0
5185	0
5186	0
5187	0
5188	0
5189	0
5190	0
5191	0
5192	0
5193	0
5194	0
5195	0
5196	0
5197	0
5198	0
5199	0
5200	0
5201	0
5202	0
5203	0
5204	0
5205	0
5206	0
5207	0
5208	0
5209	0
5210	0
5211	0
5212	0
5213	0
5214	0
5215	0
5216	0
5217	0
5218	0
5219	0
5220	0
5221	0
5222	0
5223	0
5224	0
5225	0
5226	0
5227	0
5228	0
5229	0
5230	0
5231	0
5232	0
5233	0
5234	0
5235	0
5236	0
5237	0
5238	0
5239	0
5240	0
5241	0
5242	0
5243	0
5244	0
5245	0
5246	0
5247	0
5248	0
5249	0
5250	0
5251	0
5252	0
5253	0
5254	0
5255	0
5256	0
5257	0
5258	0
5259	0
5260	0
5261	0
5262	0
5263	0
5264	0
5265	0
5266	0
5267	0
5268	0
5269	0
5270	0
5271	0
5272	0
5273	0
5274	0
5275	0
5276	0
5277	0
5278	0
5279	0
5280	0
5281	0
5282	0
5283	0
5284	0
5285	0
5286	0
5287	0
5288	0
5289	0
5290	0
5291	0
5292	0
5293	0
5294	0
5295	0
5296	0
5297	0
5298	0
5299	0
5300	0
5301	0
5302	0
5303	0
5304	0
5305	0
5306	0
5307	0
5308	0
5309	0
5310	0
5311	0
5312	0
5313	0
5314	0
5315	0
5316	0
5317	0
5318	0
5319	0
5320	0
5321	0
5322	0
5323	0
5324	0
5325	10
5326	0
5327	0
5328	0
5329	0
5330	0
5331	0
5332	0
5333	0
5334	0
5335	0
5336	0
5337	0
5338	0
5339	0
5340	0
5341	0
5342	0
5343	0
5344	0
5345	0
5346	0
5347	0
5348	0
5349	0
5350	0
5351	0
5352	0
5353	0
5354	0
5355	0
5356	0
5357	0
5358	0
5359	0
5360	0
5361	0
5362	0
5363	0
5364	0
5365	0
5366	0
5367	0
5368	0
5369	0
5370	0
5371	0
5372	0
5373	0
5374	0
5375	0
5376	0
5377	0
5378	0
5379	0
5380	0
5381	0
5382	0
5383	0
5384	0
5385	0
5386	0
5387	0
5388	0
5389	0
5390	0
5391	0
5392	0
5393	0
5394	0
5395	0
5396	0
5397	0
5398	0
5399	0
5400	0
5401	0
5402	0
5403	0
5404	0
5405	0
5406	0
5407	0
5408	0
5409	0
5410	0
5411	0
5412	0
5413	0
5414	0
5415	0
5416	0
5417	0
5418	0
5419	0
5420	0
5421	0
5422	0
5423	0
5424	0
5425	0
5426	0
5427	0
5428	0
5429	0
5430	0
5431	0
5432	0
5433	0
5434	0
5435	0
5436	0
5437	0
5438	0
5439	0
5440	0
5441	0
5442	0
5443	0
5444	0
5445	0
5446	0
5447	0
5448	0
5449	0
5450	0
5451	0
5452	0
5453	0
5454	0
5455	0
5456	0
5457	0
5458	0
5459	0
5460	0
5461	0
5462	0
5463	0
5464	0
5465	0
5466	0
5467	0
5468	0
5469	0
5470	0
5471	0
5472	0
5473	0
5474	0
5475	0
5476	0
5477	0
5478	0
5479	0
5480	0
5481	0
5482	0
5483	0
5484	0
5485	0
5486	0
5487	0
5488	0
5489	0
5490	0
5491	0
5492	0
5493	0
5494	0
5495	0
5496	0
5497	0
5498	0
5499	0
5500	0
5501	0
5502	0
5503	0
5504	0
5505	0
5506	0
5507	0
5508	0
5509	0
5510	0
5511	0
5512	0
5513	0
5514	0
5515	0
5516	0
5517	0
5518	0
5519	0
5520	0
5521	0
5522	0
5523	0
5524	0
5525	0
5526	0
5527	0
5528	0
5529	0
5530	0
5531	0
5532	0
5533	0
5534	0
5535	0
5536	0
5537	0
5538	0
5539	0
5540	0
5541	0
5542	0
5543	0
5544	0
5545	0
5546	0
5547	0
5548	0
5549	0
5550	0
5551	0
5552	0
5553	0
5554	0
5555	0
5556	0
5557	0
5558	0
5559	0
5560	0
5561	0
5562	0
5563	0
5564	0
5565	0
5566	0
5567	0
5568	0
5569	0
5570	0
5571	0
5572	0
5573	0
5574	0
5575	0
5576	0
5577	0
5578	0
5579	0
5580	0
5581	0
5582	0
5583	0
5584	0
5585	0
5586	0
5587	0
5588	0
5589	0
5590	0
5591	0
5592	0
5593	0
5594	0
5595	0
5596	0
5597	0
5598	0
5599	0
5600	0
5601	0
5602	0
5603	0
5604	0
5605	0
5606	0
5607	0
5608	0
5609	0
5610	0
5611	0
5612	0
5613	0
5614	0
5615	0
5616	0
5617	0
5618	0
5619	0
5620	0
5621	0
5622	0
5623	0
5624	0
5625	0
5626	0
5627	0
5628	0
5629	0
5630	0
5631	0
5632	0
5633	0
5634	0
5635	0
5636	0
5637	0
5638	0
5639	0
5640	0
5641	0
5642	0
5643	0
5644	0
5645	0
5646	0
5647	0
5648	0
5649	0
5650	0
5651	0
5652	0
5653	0
5654	0
5655	0
5656	0
5657	0
5658	0
5659	0
5660	0
5661	0
5662	0
5663	0
5664	0
5665	0
5666	0
5667	0
5668	0
5669	0
5670	0
5671	0
5672	0
5673	0
5674	0
5675	0
5676	0
5677	0
5678	0
5679	0
5680	0
5681	0
5682	0
5683	0
5684	0
5685	0
5686	0
5687	0
5688	0
5689	0
5690	0
5691	0
5692	0
5693	0
5694	0
5695	0
5696	0
5697	0
5698	0
5699	0
5700	0
5701	0
5702	0
5703	0
5704	0
5705	0
5706	0
5707	0
5708	0
5709	0
5710	0
5711	0
5712	0
5713	0
5714	0
5715	0
5716	0
5717	0
5718	0
5719	0
5720	0
5721	0
5722	0
5723	0
5724	0
5725	0
5726	0
5727	0
5728	0
5729	0
5730	0
5731	0
5732	0
5733	0
5734	0
5735	0
5736	0
5737	0
5738	0
5739	0
5740	0
5741	0
5742	0
5743	0
5744	0
5745	0
5746	0
5747	0
5748	0
5749	0
5750	0
5751	0
5752	0
5753	0
5754	0
5755	0
5756	0
5757	0
5758	0
5759	0
5760	0
5761	0
5762	0
5763	0
5764	0
5765	0
5766	0
5767	0
5768	0
5769	0
5770	0
5771	0
5772	0
5773	0
5774	0
5775	0
5776	0
5777	0
5778	0
5779	0
5780	0
5781	0
5782	0
5783	0
5784	0
5785	0
5786	0
5787	0
5788	0
5789	0
5790	0
5791	0
5792	0
5793	0
5794	0
5795	0
5796	0
5797	0
5798	0
5799	0
5800	0
5801	0
5802	0
5803	0
5804	0
5805	0
5806	0
5807	0
5808	0
5809	0
5810	0
5811	0
5812	0
5813	0
5814	0
5815	0
5816	0
5817	0
5818	0
5819	20
5820	0
5821	0
5822	0
5823	0
5824	0
5825	0
5826	0
5827	0
5828	0
5829	0
5830	0
5831	0
5832	0
5833	0
5834	0
5835	0
5836	0
5837	0
5838	0
5839	0
5840	0
5841	0
5842	0
5843	0
5844	0
5845	0
5846	0
5847	0
5848	0
5849	0
5850	0
5851	0
5852	0
5853	0
5854	0
5855	0
5856	0
5857	0
5858	0
5859	0
5860	0
5861	0
5862	0
5863	0
5864	0
5865	0
5866	0
5867	0
5868	0
5869	0
5870	0
5871	0
5872	0
5873	0
5874	0
5875	0
5876	0
5877	0
5878	0
5879	0
5880	0
5881	0
5882	0
5883	0
5884	0
5885	0
5886	0
5887	0
5888	0
5889	0
5890	0
5891	40
5892	0
5893	0
5894	0
5895	0
5896	0
5897	0
5898	0
5899	0
5900	10
5901	150
5902	0
5903	0
5904	0
5905	0
5906	0
5907	0
5908	0
5909	0
5910	0
5911	0
5912	0
5913	100
5914	280
5915	130
5916	0
5917	0
5918	0
5919	0
5920	0
5921	0
5922	0
5923	0
5924	0
5925	70
5926	0
5927	0
5928	0
5929	0
5930	0
5931	0
5932	0
5933	0
5934	0
5935	0
5936	0
5937	330
5938	870
5939	310
5940	0
5941	0
5942	0
5943	0
5944	0
5945	0
5946	0
5947	0
5948	40
5949	250
5950	0
5951	0
5952	0
5953	0
5954	0
5955	0
5956	0
5957	0
5958	0
5959	0
5960	0
5961	340
5962	800
5963	340
5964	0
5965	0
5966	0
5967	0
5968	0
5969	0
5970	0
5971	0
5972	10
5973	190
5974	0
5975	0
5976	0
5977	0
5978	0
5979	0
5980	0
5981	0
5982	0
5983	0
5984	0
5985	440
5986	1410
5987	660
5988	0
5989	0
5990	0
5991	0
5992	0
5993	0
5994	0
5995	210
5996	930
5997	660
5998	0
5999	0
6000	0
6001	0
6002	0
6003	0
6004	0
6005	0
6006	0
6007	0
6008	0
6009	490
6010	1410
6011	590
6012	0
6013	0
6014	0
6015	0
6016	0
6017	0
6018	0
6019	130
6020	620
6021	530
6022	0
6023	0
6024	0
6025	0
6026	0
6027	0
6028	0
6029	0
6030	0
6031	0
6032	0
6033	510
6034	1560
6035	590
6036	0
6037	0
6038	0
6039	0
6040	0
6041	0
6042	0
6043	0
6044	0
6045	40
6046	0
6047	0
6048	0
6049	0
6050	0
6051	0
6052	0
6053	0
6054	0
6055	0
6056	0
6057	340
6058	620
6059	210
6060	0
6061	0
6062	0
6063	0
6064	0
6065	0
6066	0
6067	0
6068	0
6069	0
6070	0
6071	0
6072	0
6073	0
6074	0
6075	0
6076	0
6077	0
6078	0
6079	0
6080	0
6081	40
6082	60
6083	100
6084	0
6085	0
6086	0
6087	0
6088	0
6089	0
6090	0
6091	0
6092	0
6093	0
6094	0
6095	0
6096	0
6097	0
6098	0
6099	0
6100	0
6101	0
6102	0
6103	0
6104	0
6105	0
6106	0
6107	0
6108	0
6109	0
6110	0
6111	0
6112	0
6113	0
6114	0
6115	0
6116	0
6117	0
6118	0
6119	0
6120	0
6121	0
6122	0
6123	0
6124	0
6125	0
6126	0
6127	0
6128	0
6129	0
6130	0
6131	0
6132	0
6133	0
6134	0
6135	0
6136	0
6137	0
6138	0
6139	0
6140	0
6141	0
6142	0
6143	0
6144	0
6145	0
6146	0
6147	0
6148	0
6149	0
6150	0
6151	0
6152	0
6153	0
6154	0
6155	0
6156	0
6157	0
6158	0
6159	0
6160	0
6161	0
6162	0
6163	0
6164	0
6165	0
6166	0
6167	0
6168	0
6169	0
6170	0
6171	0
6172	0
6173	0
6174	0
6175	0
6176	0
6177	50
6178	80
6179	170
6180	0
6181	0
6182	0
6183	0
6184	0
6185	0
6186	0
6187	0
6188	0
6189	0
6190	0
6191	0
6192	0
6193	0
6194	0
6195	0
6196	0
6197	0
6198	0
6199	0
6200	0
6201	10
6202	20
6203	40
6204	0
6205	0
6206	0
6207	0
6208	0
6209	0
6210	0
6211	0
6212	0
6213	0
6214	0
6215	0
6216	0
6217	0
6218	0
6219	0
6220	0
6221	0
6222	0
6223	0
6224	0
6225	20
6226	100
6227	310
6228	0
6229	0
6230	0
6231	0
6232	0
6233	0
6234	0
6235	0
6236	70
6237	380
6238	0
6239	0
6240	0
6241	0
6242	0
6243	0
6244	0
6245	0
6246	0
6247	0
6248	0
6249	140
6250	530
6251	500
6252	0
6253	0
6254	0
6255	0
6256	0
6257	0
6258	0
6259	40
6260	190
6261	370
6262	0
6263	0
6264	0
6265	0
6266	0
6267	0
6268	0
6269	0
6270	0
6271	0
6272	0
6273	290
6274	850
6275	360
6276	0
6277	0
6278	0
6279	0
6280	0
6281	0
6282	0
6283	0
6284	10
6285	200
6286	0
6287	0
6288	0
6289	0
6290	0
6291	0
6292	0
6293	0
6294	0
6295	0
6296	0
6297	560
6298	1390
6299	420
6300	0
6301	0
6302	0
6303	0
6304	0
6305	0
6306	0
6307	0
6308	0
6309	190
6310	0
6311	0
6312	0
6313	0
6314	0
6315	0
6316	0
6317	0
6318	0
6319	0
6320	0
6321	240
6322	710
6323	650
6324	0
6325	0
6326	0
6327	0
6328	0
6329	0
6330	0
6331	0
6332	40
6333	280
6334	0
6335	0
6336	0
6337	0
6338	0
6339	0
6340	0
6341	0
6342	0
6343	0
6344	0
6345	420
6346	1600
6347	1070
6348	0
6349	0
6350	0
6351	0
6352	0
6353	0
6354	0
6355	330
6356	1290
6357	900
6358	0
6359	0
6360	0
6361	0
6362	0
6363	0
6364	0
6365	0
6366	0
6367	0
6368	0
6369	710
6370	2240
6371	980
6372	0
6373	0
6374	0
6375	0
6376	0
6377	0
6378	0
6379	0
6380	60
6381	420
6382	0
6383	0
6384	0
6385	0
6386	0
6387	0
6388	0
6389	0
6390	0
6391	0
6392	0
6393	610
6394	1830
6395	810
6396	0
6397	0
6398	0
6399	0
6400	0
6401	0
6402	0
6403	0
6404	140
6405	590
6406	0
6407	0
6408	0
6409	0
6410	0
6411	0
6412	0
6413	0
6414	0
6415	0
6416	0
6417	730
6418	1920
6419	750
6420	0
6421	0
6422	0
6423	0
6424	0
6425	0
6426	0
6427	0
6428	10
6429	310
6430	0
6431	0
6432	0
6433	0
6434	0
6435	0
6436	0
6437	0
6438	0
6439	0
6440	0
6441	320
6442	1180
6443	980
6444	0
6445	0
6446	0
6447	0
6448	0
6449	0
6450	0
6451	0
6452	80
6453	490
6454	0
6455	0
6456	0
6457	0
6458	0
6459	0
6460	0
6461	0
6462	0
6463	0
6464	0
6465	830
6466	2980
6467	1720
6468	0
6469	0
6470	0
6471	0
6472	0
6473	0
6474	0
6475	430
6476	1790
6477	1320
6478	0
6479	0
6480	0
6481	0
6482	0
6483	0
6484	0
6485	0
6486	0
6487	0
6488	0
6489	740
6490	2550
6491	1370
6492	0
6493	0
6494	0
6495	0
6496	0
6497	0
6498	0
6499	450
6500	1740
6501	1080
6502	0
6503	0
6504	0
6505	0
6506	0
6507	0
6508	0
6509	0
6510	0
6511	0
6512	0
6513	680
6514	1930
6515	740
6516	0
6517	0
6518	0
6519	0
6520	0
6521	0
6522	0
6523	100
6524	570
6525	680
6526	0
6527	0
6528	0
6529	0
6530	0
6531	0
6532	0
6533	0
6534	0
6535	0
6536	0
6537	530
6538	1780
6539	950
6540	0
6541	0
6542	0
6543	0
6544	0
6545	0
6546	0
6547	150
6548	750
6549	740
6550	0
6551	0
6552	0
6553	0
6554	0
6555	0
6556	0
6557	0
6558	0
6559	0
6560	30
6561	940
6562	2900
6563	1270
6564	0
6565	0
6566	0
6567	0
6568	0
6569	0
6570	0
6571	180
6572	920
6573	980
6574	0
6575	0
6576	0
6577	0
6578	0
6579	0
6580	0
6581	0
6582	0
6583	0
6584	20
6585	780
6586	2570
6587	1270
6588	0
6589	0
6590	0
6591	0
6592	0
6593	0
6594	0
6595	470
6596	2070
6597	1450
6598	20
6599	20
6600	0
6601	0
6602	0
6603	0
6604	0
6605	0
6606	0
6607	0
6608	40
6609	910
6610	2960
6611	1360
6612	10
6613	0
6614	0
6615	0
6616	0
6617	0
6618	0
6619	250
6620	1300
6621	1160
6622	20
6623	20
6624	0
6625	0
6626	0
6627	0
6628	0
6629	0
6630	0
6631	0
6632	110
6633	1160
6634	3140
6635	1190
6636	10
6637	0
6638	0
6639	0
6640	0
6641	0
6642	0
6643	70
6644	710
6645	1270
6646	20
6647	30
6648	0
6649	0
6650	0
6651	0
6652	0
6653	0
6654	0
6655	0
6656	60
6657	1030
6658	2370
6659	860
6660	0
6661	0
6662	0
6663	0
6664	0
6665	0
6666	0
6667	0
6668	50
6669	480
6670	0
6671	0
6672	0
6673	0
6674	0
6675	0
6676	0
6677	0
6678	0
6679	0
6680	10
6681	210
6682	510
6683	340
6684	0
6685	0
6686	0
6687	0
6688	0
6689	0
6690	0
6691	0
6692	0
6693	150
6694	0
6695	0
6696	0
6697	0
6698	0
6699	0
6700	0
6701	0
6702	0
6703	0
6704	40
6705	1290
6706	4110
6707	2140
6708	0
6709	0
6710	0
6711	0
6712	0
6713	0
6714	0
6715	140
6716	1020
6717	1640
6718	0
6719	0
6720	0
6721	0
6722	0
6723	0
6724	0
6725	0
6726	0
6727	0
6728	20
6729	1080
6730	3740
6731	2200
6732	10
6733	10
6734	0
6735	0
6736	0
6737	0
6738	0
6739	700
6740	2590
6741	1690
6742	0
6743	10
6744	0
6745	0
6746	0
6747	0
6748	0
6749	0
6750	0
6751	0
6752	30
6753	760
6754	2540
6755	1390
6756	10
6757	0
6758	0
6759	0
6760	0
6761	0
6762	10
6763	460
6764	1810
6765	1220
6766	20
6767	10
6768	0
6769	0
6770	0
6771	0
6772	0
6773	0
6774	0
6775	0
6776	40
6777	760
6778	2590
6779	1360
6780	30
6781	20
6782	20
6783	20
6784	20
6785	20
6786	20
6787	590
6788	2230
6789	1340
6790	30
6791	40
6792	0
6793	0
6794	0
6795	0
6796	0
6797	0
6798	0
6799	0
6800	180
6801	1110
6802	3330
6803	1500
6804	40
6805	30
6806	30
6807	20
6808	20
6809	20
6810	30
6811	460
6812	2010
6813	1400
6814	80
6815	90
6816	0
6817	0
6818	0
6819	0
6820	0
6821	0
6822	0
6823	0
6824	290
6825	1240
6826	3640
6827	1730
6828	130
6829	100
6830	80
6831	70
6832	50
6833	50
6834	50
6835	690
6836	2690
6837	1830
6838	140
6839	160
6840	0
6841	0
6842	0
6843	0
6844	0
6845	0
6846	0
6847	0
6848	750
6849	2360
6850	5910
6851	2510
6852	180
6853	130
6854	90
6855	70
6856	60
6857	60
6858	50
6859	590
6860	2300
6861	1870
6862	120
6863	130
6864	0
6865	0
6866	0
6867	0
6868	0
6869	0
6870	0
6871	0
6872	520
6873	2250
6874	6310
6875	2820
6876	140
6877	100
6878	80
6879	60
6880	50
6881	60
6882	40
6883	530
6884	1810
6885	1610
6886	90
6887	100
6888	0
6889	0
6890	0
6891	0
6892	0
6893	0
6894	0
6895	0
6896	390
6897	2190
6898	6160
6899	2700
6900	90
6901	70
6902	50
6903	40
6904	40
6905	30
6906	40
6907	430
6908	1790
6909	1600
6910	60
6911	80
6912	0
6913	0
6914	0
6915	0
6916	0
6917	0
6918	0
6919	0
6920	390
6921	2170
6922	5890
6923	2510
6924	120
6925	80
6926	60
6927	50
6928	40
6929	40
6930	30
6931	590
6932	2280
6933	2200
6934	80
6935	100
6936	0
6937	0
6938	0
6939	0
6940	0
6941	0
6942	0
6943	0
6944	320
6945	2150
6946	5760
6947	2430
6948	80
6949	50
6950	50
6951	50
6952	30
6953	30
6954	30
6955	670
6956	2550
6957	2330
6958	70
6959	70
6960	0
6961	0
6962	0
6963	0
6964	0
6965	0
6966	0
6967	0
6968	330
6969	2190
6970	5970
6971	2710
6972	70
6973	50
6974	50
6975	30
6976	40
6977	30
6978	30
6979	690
6980	2520
6981	2280
6982	50
6983	60
6984	0
6985	0
6986	0
6987	0
6988	0
6989	0
6990	0
6991	0
6992	260
6993	1980
6994	5690
6995	2830
6996	60
6997	40
6998	40
6999	30
7000	30
7001	30
7002	30
7003	730
7004	2800
7005	2480
7006	60
7007	70
7008	0
7009	0
7010	0
7011	0
7012	0
7013	0
7014	0
7015	0
7016	190
7017	1570
7018	5090
7019	2900
7020	80
7021	50
7022	40
7023	20
7024	30
7025	20
7026	30
7027	900
7028	3060
7029	2130
7030	70
7031	60
7032	0
7033	0
7034	0
7035	0
7036	0
7037	0
7038	0
7039	0
7040	210
7041	1530
7042	4700
7043	2430
7044	80
7045	70
7046	70
7047	50
7048	50
7049	40
7050	40
7051	890
7052	3270
7053	2090
7054	90
7055	110
7056	0
7057	0
7058	0
7059	0
7060	0
7061	0
7062	0
7063	0
7064	510
7065	2250
7066	6250
7067	2770
7068	180
7069	120
7070	80
7071	50
7072	40
7073	40
7074	40
7075	580
7076	2510
7077	1890
7078	110
7079	120
7080	0
7081	0
7082	0
7083	0
7084	0
7085	0
7086	0
7087	0
7088	320
7089	1250
7090	3450
7091	1690
7092	130
7093	120
7094	110
7095	90
7096	80
7097	70
7098	80
7099	950
7100	3430
7101	2120
7102	210
7103	210
7104	0
7105	0
7106	0
7107	0
7108	0
7109	0
7110	0
7111	0
7112	890
7113	2470
7114	5890
7115	2150
7116	180
7117	170
7118	180
7119	180
7120	200
7121	220
7122	240
7123	1320
7124	3990
7125	2060
7126	330
7127	370
7128	0
7129	0
7130	0
7131	0
7132	0
7133	0
7134	0
7135	0
7136	940
7137	1930
7138	4740
7139	2510
7140	660
7141	620
7142	540
7143	460
7144	410
7145	420
7146	460
7147	1530
7148	4390
7149	2570
7150	720
7151	740
7152	0
7153	0
7154	0
7155	0
7156	0
7157	0
7158	0
7159	0
7160	1520
7161	2770
7162	5950
7163	2480
7164	330
7165	260
7166	220
7167	170
7168	150
7169	160
7170	190
7171	690
7172	2090
7173	1320
7174	250
7175	270
7176	0
7177	0
7178	0
7179	0
7180	0
7181	0
7182	0
7183	0
7184	1140
7185	2460
7186	5780
7187	2490
7188	300
7189	240
7190	190
7191	150
7192	120
7193	110
7194	120
7195	740
7196	3010
7197	2260
7198	280
7199	310
7200	0
7201	0
7202	0
7203	0
7204	0
7205	0
7206	0
7207	0
7208	970
7209	2700
7210	7130
7211	3450
7212	450
7213	340
7214	260
7215	190
7216	190
7217	210
7218	210
7219	1160
7220	3810
7221	2220
7222	340
7223	380
7224	0
7225	0
7226	0
7227	0
7228	0
7229	0
7230	0
7231	0
7232	1150
7233	2520
7234	6330
7235	3310
7236	580
7237	350
7238	240
7239	200
7240	150
7241	140
7242	140
7243	960
7244	3320
7245	2180
7246	290
7247	300
7248	0
7249	0
7250	0
7251	0
7252	0
7253	0
7254	0
7255	0
7256	500
7257	1430
7258	3950
7259	2090
7260	350
7261	250
7262	200
7263	190
7264	180
7265	180
7266	180
7267	1080
7268	3510
7269	2030
7270	350
7271	370
7272	0
7273	0
7274	0
7275	0
7276	0
7277	0
7278	0
7279	0
7280	1310
7281	2450
7282	5890
7283	2920
7284	370
7285	260
7286	230
7287	190
7288	160
7289	150
7290	190
7291	1300
7292	4530
7293	2830
7294	400
7295	450
7296	0
7297	0
7298	0
7299	0
7300	0
7301	0
7302	0
7303	0
7304	1380
7305	2760
7306	6740
7307	3510
7308	880
7309	860
7310	820
7311	800
7312	790
7313	770
7314	800
7315	2080
7316	5350
7317	3010
7318	900
7319	960
7320	0
7321	0
7322	0
7323	0
7324	0
7325	0
7326	0
7327	0
7328	1870
7329	3190
7330	7250
7331	3800
7332	700
7333	530
7334	490
7335	470
7336	390
7337	320
7338	410
7339	2050
7340	6240
7341	3550
7342	840
7343	830
7344	0
7345	0
7346	0
7347	0
7348	0
7349	0
7350	0
7351	0
7352	1400
7353	2450
7354	5610
7355	3140
7356	1010
7357	1000
7358	930
7359	820
7360	670
7361	740
7362	840
7363	2330
7364	6350
7365	3820
7366	1160
7367	1220
7368	0
7369	0
7370	0
7371	0
7372	0
7373	0
7374	0
7375	0
7376	2420
7377	4010
7378	9180
7379	5110
7380	1400
7381	1220
7382	1060
7383	800
7384	610
7385	540
7386	760
7387	3010
7388	8570
7389	4990
7390	1410
7391	1460
7392	0
7393	0
7394	0
7395	0
7396	0
7397	0
7398	0
7399	0
7400	2920
7401	5070
7402	11480
7403	5550
7404	890
7405	690
7406	590
7407	520
7408	440
7409	380
7410	460
7411	2600
7412	8100
7413	4580
7414	790
7415	900
7416	0
7417	0
7418	0
7419	0
7420	0
7421	0
7422	0
7423	0
7424	2550
7425	4870
7426	11460
7427	6000
7428	1480
7429	1210
7430	940
7431	630
7432	480
7433	430
7434	550
7435	2910
7436	8890
7437	4960
7438	1110
7439	1170
7440	0
7441	0
7442	0
7443	0
7444	0
7445	0
7446	0
7447	0
7448	2430
7449	4300
7450	9940
7451	5450
7452	1650
7453	1580
7454	1520
7455	1480
7456	1490
7457	1470
7458	1490
7459	3480
7460	8450
7461	4780
7462	1520
7463	1520
7464	0
7465	0
7466	0
7467	0
7468	0
7469	0
7470	0
7471	0
7472	2590
7473	3920
7474	8500
7475	4860
7476	1690
7477	1570
7478	1460
7479	1360
7480	1290
7481	1270
7482	1310
7483	2950
7484	7010
7485	4100
7486	1470
7487	1480
7488	0
7489	0
7490	0
7491	0
7492	0
7493	0
7494	0
7495	0
7496	2220
7497	3040
7498	6120
7499	3530
7500	1270
7501	1010
7502	790
7503	670
7504	600
7505	690
7506	840
7507	2050
7508	4770
7509	2860
7510	1100
7511	1150
7512	0
7513	0
7514	0
7515	0
7516	0
7517	0
7518	0
7519	0
7520	2040
7521	2880
7522	6030
7523	3620
7524	1250
7525	900
7526	640
7527	590
7528	520
7529	420
7530	570
7531	2080
7532	5460
7533	3070
7534	990
7535	1060
7536	0
7537	0
7538	0
7539	0
7540	0
7541	0
7542	0
7543	0
7544	2340
7545	3640
7546	7900
7547	4430
7548	1540
7549	1460
7550	1400
7551	1370
7552	1340
7553	1330
7554	1340
7555	2920
7556	7030
7557	4190
7558	1520
7559	1600
7560	0
7561	0
7562	0
7563	0
7564	0
7565	0
7566	0
7567	0
7568	2880
7569	4080
7570	8480
7571	4650
7572	1360
7573	890
7574	680
7575	580
7576	450
7577	470
7578	660
7579	2540
7580	7100
7581	4300
7582	1270
7583	1220
7584	0
7585	0
7586	0
7587	0
7588	0
7589	0
7590	0
7591	0
7592	2200
7593	3460
7594	7270
7595	3900
7596	1240
7597	1050
7598	910
7599	800
7600	800
7601	920
7602	1030
7603	2380
7604	5700
7605	3290
7606	1120
7607	1120
7608	0
7609	0
7610	0
7611	0
7612	0
7613	0
7614	0
7615	0
7616	1920
7617	2660
7618	5480
7619	3260
7620	1320
7621	1250
7622	1190
7623	1160
7624	1160
7625	1140
7626	1160
7627	2220
7628	4940
7629	3060
7630	1230
7631	1230
7632	10
7633	0
7634	0
7635	0
7636	0
7637	0
7638	0
7639	0
7640	2250
7641	3100
7642	6400
7643	3830
7644	1510
7645	1450
7646	1390
7647	1370
7648	1350
7649	1360
7650	1380
7651	2770
7652	6180
7653	3690
7654	1440
7655	1450
7656	0
7657	0
7658	0
7659	0
7660	0
7661	0
7662	0
7663	0
7664	2560
7665	3510
7666	7250
7667	4370
7668	1680
7669	1280
7670	750
7671	570
7672	660
7673	780
7674	920
7675	2490
7676	6430
7677	3920
7678	1280
7679	1240
7680	0
7681	0
7682	0
7683	0
7684	0
7685	0
7686	0
7687	0
7688	2470
7689	3910
7690	8500
7691	4280
7692	820
7693	610
7694	530
7695	450
7696	390
7697	380
7698	440
7699	2140
7700	6490
7701	3780
7702	820
7703	900
7704	0
7705	0
7706	0
7707	0
7708	0
7709	0
7710	0
7711	0
7712	1820
7713	3180
7714	7450
7715	4230
7716	1340
7717	1260
7718	1130
7719	1050
7720	1000
7721	1000
7722	1030
7723	2580
7724	6490
7725	4000
7726	1320
7727	1290
7728	0
7729	0
7730	0
7731	0
7732	0
7733	0
7734	0
7735	0
7736	2380
7737	3730
7738	8260
7739	4460
7740	1010
7741	860
7742	950
7743	980
7744	1030
7745	1030
7746	1100
7747	2710
7748	6740
7749	3940
7750	1260
7751	1300
7752	0
7753	0
7754	0
7755	0
7756	0
7757	0
7758	0
7759	0
7760	2680
7761	4210
7762	9050
7763	4780
7764	1350
7765	1180
7766	1180
7767	1160
7768	1170
7769	1190
7770	1210
7771	2560
7772	6060
7773	3680
7774	1310
7775	1330
7776	0
7777	0
7778	0
7779	0
7780	0
7781	0
7782	0
7783	0
7784	2420
7785	3790
7786	8530
7787	4880
7788	1530
7789	1360
7790	1210
7791	1160
7792	1200
7793	1230
7794	1330
7795	3130
7796	7530
7797	4440
7798	1610
7799	1690
7800	0
7801	0
7802	0
7803	0
7804	0
7805	0
7806	0
7807	0
7808	3090
7809	4460
7810	9390
7811	5170
7812	1830
7813	1710
7814	1540
7815	1270
7816	1070
7817	1140
7818	1320
7819	3070
7820	7800
7821	4770
7822	1590
7823	1530
7824	0
7825	0
7826	0
7827	0
7828	0
7829	0
7830	0
7831	0
7832	2410
7833	3580
7834	7700
7835	4170
7836	1270
7837	1150
7838	1210
7839	1170
7840	1190
7841	1210
7842	1250
7843	2570
7844	5710
7845	3420
7846	1340
7847	1350
7848	0
7849	0
7850	0
7851	0
7852	0
7853	0
7854	0
7855	0
7856	2380
7857	3090
7858	6130
7859	3810
7860	1590
7861	1520
7862	1430
7863	1370
7864	1290
7865	1300
7866	1340
7867	2590
7868	5710
7869	3500
7870	1440
7871	1490
7872	0
7873	0
7874	0
7875	0
7876	0
7877	0
7878	0
7879	0
7880	2540
7881	3440
7882	7010
7883	4160
7884	1670
7885	1550
7886	1400
7887	1340
7888	1350
7889	1360
7890	1390
7891	3070
7892	7460
7893	4590
7894	1710
7895	1730
7896	0
7897	0
7898	0
7899	0
7900	0
7901	0
7902	0
7903	0
7904	3350
7905	4940
7906	10390
7907	5780
7908	2120
7909	1940
7910	1740
7911	1490
7912	1090
7913	1210
7914	1490
7915	3710
7916	9220
7917	5330
7918	1760
7919	1750
7920	0
7921	0
7922	0
7923	0
7924	0
7925	0
7926	0
7927	0
7928	2760
7929	3790
7930	7550
7931	4390
7932	1770
7933	1700
7934	1630
7935	1610
7936	1550
7937	1500
7938	1530
7939	3050
7940	6780
7941	4060
7942	1590
7943	1590
7944	0
7945	0
7946	0
7947	0
7948	0
7949	0
7950	0
7951	0
7952	2790
7953	3810
7954	7830
7955	4710
7956	1770
7957	1540
7958	1470
7959	1410
7960	1370
7961	1400
7962	1520
7963	3290
7964	7650
7965	4570
7966	1700
7967	1690
7968	0
7969	0
7970	0
7971	0
7972	0
7973	0
7974	0
7975	0
7976	2930
7977	4070
7978	8350
7979	5000
7980	2050
7981	1950
7982	1870
7983	1800
7984	1730
7985	1720
7986	1760
7987	3470
7988	7780
7989	4720
7990	1810
7991	1800
7992	0
7993	0
7994	0
7995	0
7996	0
7997	0
7998	0
7999	0
8000	3340
8001	4520
8002	9050
8003	5230
8004	2090
8005	1940
8006	1810
8007	1720
8008	1700
8009	1670
8010	1680
8011	3220
8012	7130
8013	4350
8014	1740
8015	1800
8016	0
8017	0
8018	0
8019	0
8020	0
8021	0
8022	0
8023	0
8024	2980
8025	3990
8026	7940
8027	4740
8028	1880
8029	1580
8030	1320
8031	1010
8032	790
8033	960
8034	1170
8035	2600
8036	6150
8037	3660
8038	1350
8039	1360
8040	0
8041	0
8042	0
8043	0
8044	0
8045	0
8046	0
8047	0
8048	2900
8049	4350
8050	9270
8051	5250
8052	1800
8053	1460
8054	1080
8055	780
8056	690
8057	880
8058	1140
8059	2960
8060	7380
8061	4490
8062	1520
8063	1540
8064	0
8065	0
8066	0
8067	0
8068	0
8069	0
8070	0
8071	0
8072	2690
8073	4080
8074	8900
8075	5260
8076	1920
8077	1810
8078	1720
8079	1690
8080	1670
8081	1660
8082	1670
8083	3560
8084	8350
8085	4970
8086	1810
8087	1860
8088	10
8089	0
8090	0
8091	0
8092	0
8093	0
8094	0
8095	0
8096	3030
8097	4180
8098	8510
8099	5040
8100	2060
8101	1950
8102	1860
8103	1810
8104	1790
8105	1790
8106	1800
8107	3430
8108	7550
8109	4520
8110	1780
8111	1790
8112	0
8113	0
8114	0
8115	0
8116	0
8117	0
8118	0
8119	0
8120	3020
8121	4070
8122	8250
8123	5040
8124	2120
8125	2040
8126	1970
8127	1910
8128	1900
8129	1870
8130	1890
8131	3600
8132	7960
8133	4780
8134	1890
8135	1890
8136	0
8137	0
8138	0
8139	0
8140	0
8141	0
8142	0
8143	0
8144	3260
8145	4510
8146	9300
8147	5570
8148	2280
8149	2200
8150	2120
8151	2080
8152	2000
8153	1940
8154	1940
8155	3740
8156	8490
8157	5270
8158	2100
8159	2100
8160	0
8161	0
8162	0
8163	0
8164	0
8165	0
8166	0
8167	0
8168	3830
8169	5390
8170	11260
8171	6440
8172	1830
8173	1280
8174	1050
8175	870
8176	740
8177	910
8178	1110
8179	3360
8180	9040
8181	5210
8182	1530
8183	1570
8184	0
8185	0
8186	0
8187	0
8188	0
8189	0
8190	0
8191	0
8192	3320
8193	5400
8194	12230
8195	6770
8196	1660
8197	1190
8198	1020
8199	830
8200	690
8201	850
8202	1040
8203	3550
8204	10030
8205	5750
8206	1570
8207	1650
8208	0
8209	0
8210	0
8211	0
8212	0
8213	0
8214	0
8215	0
8216	3040
8217	5120
8218	11740
8219	6690
8220	1730
8221	1330
8222	1140
8223	980
8224	880
8225	1040
8226	1190
8227	3830
8228	10310
8229	5710
8230	1560
8231	1610
8232	0
8233	0
8234	0
8235	0
8236	0
8237	0
8238	0
8239	0
8240	3140
8241	5300
8242	12190
8243	6790
8244	1750
8245	1320
8246	1120
8247	970
8248	860
8249	1010
8250	1180
8251	3800
8252	10340
8253	5840
8254	1610
8255	1660
8256	0
8257	0
8258	0
8259	0
8260	0
8261	0
8262	0
8263	0
8264	3270
8265	5470
8266	12460
8267	7020
8268	1800
8269	1340
8270	1150
8271	980
8272	870
8273	1030
8274	1210
8275	3890
8276	10620
8277	5940
8278	1620
8279	1680
8280	0
8281	0
8282	0
8283	0
8284	0
8285	0
8286	0
8287	0
8288	3240
8289	5270
8290	11870
8291	6740
8292	2200
8293	2040
8294	1720
8295	1310
8296	1220
8297	1430
8298	1620
8299	4180
8300	10420
8301	5980
8302	1910
8303	1950
8304	0
8305	0
8306	0
8307	0
8308	0
8309	0
8310	0
8311	0
8312	3390
8313	5270
8314	11580
8315	6610
8316	2310
8317	2160
8318	1970
8319	1820
8320	1800
8321	1790
8322	1860
8323	4080
8324	9630
8325	5670
8326	2010
8327	2010
8328	0
8329	0
8330	0
8331	0
8332	0
8333	0
8334	0
8335	0
8336	3490
8337	5080
8338	10760
8339	6270
8340	2130
8341	1700
8342	1370
8343	1120
8344	1110
8345	1360
8346	1590
8347	3840
8348	9380
8349	5560
8350	1900
8351	1950
8352	0
8353	0
8354	0
8355	0
8356	0
8357	0
8358	0
8359	0
8360	3230
8361	4640
8362	9930
8363	5880
8364	2230
8365	2150
8366	2080
8367	2050
8368	2020
8369	1980
8370	2010
8371	4100
8372	9260
8373	5440
8374	2010
8375	1920
8376	0
8377	0
8378	0
8379	0
8380	0
8381	0
8382	0
8383	0
8384	3100
8385	4110
8386	8080
8387	4850
8388	2060
8389	1870
8390	1680
8391	1630
8392	1680
8393	1720
8394	1730
8395	3340
8396	7460
8397	4440
8398	1750
8399	1760
8400	0
8401	0
8402	0
8403	0
8404	0
8405	0
8406	0
8407	0
8408	3020
8409	4060
8410	8250
8411	4980
8412	2090
8413	2040
8414	2040
8415	2030
8416	2020
8417	2010
8418	2020
8419	3890
8420	8690
8421	5240
8422	2050
8423	2030
8424	0
8425	0
8426	0
8427	0
8428	0
8429	0
8430	0
8431	0
8432	3500
8433	4780
8434	9760
8435	5910
8436	2440
8437	2350
8438	2240
8439	2150
8440	2120
8441	2120
8442	2150
8443	4210
8444	9630
8445	5950
8446	2300
8447	2330
8448	0
8449	0
8450	0
8451	0
8452	0
8453	0
8454	0
8455	0
8456	3950
8457	5600
8458	11740
8459	6630
8460	1930
8461	1340
8462	1100
8463	920
8464	810
8465	1030
8466	1250
8467	3770
8468	9940
8469	5790
8470	1800
8471	1840
8472	0
8473	0
8474	0
8475	0
8476	0
8477	0
8478	0
8479	0
8480	3270
8481	4900
8482	10680
8483	6130
8484	2040
8485	1800
8486	1780
8487	1840
8488	1860
8489	1860
8490	1880
8491	3870
8492	8850
8493	5130
8494	1840
8495	1820
8496	0
8497	0
8498	0
8499	0
8500	0
8501	0
8502	0
8503	0
8504	2910
8505	3880
8506	7860
8507	4750
8508	2010
8509	1950
8510	1880
8511	1820
8512	1780
8513	1770
8514	1780
8515	3250
8516	6950
8517	4210
8518	1720
8519	1710
8520	0
8521	0
8522	0
8523	0
8524	0
8525	0
8526	0
8527	0
8528	2880
8529	3650
8530	7000
8531	4290
8532	1920
8533	1860
8534	1790
8535	1760
8536	1730
8537	1680
8538	1630
8539	2750
8540	5490
8541	3320
8542	1510
8543	1470
8544	0
8545	0
8546	0
8547	0
8548	0
8549	0
8550	0
8551	0
8552	2500
8553	3200
8554	6350
8555	4020
8556	1810
8557	1720
8558	1610
8559	1500
8560	1370
8561	1390
8562	1490
8563	2750
8564	5980
8565	3750
8566	1610
8567	1600
8568	0
8569	0
8570	0
8571	0
8572	0
8573	0
8574	0
8575	0
8576	2600
8577	3360
8578	6700
8579	4130
8580	1790
8581	1640
8582	1470
8583	1390
8584	1340
8585	1320
8586	1400
8587	2620
8588	5590
8589	3420
8590	1460
8591	1450
8592	0
8593	0
8594	0
8595	0
8596	0
8597	0
8598	0
8599	0
8600	2550
8601	3420
8602	6910
8603	4220
8604	1770
8605	1640
8606	1570
8607	1500
8608	1470
8609	1480
8610	1530
8611	2980
8612	6650
8613	4070
8614	1620
8615	1590
8616	0
8617	0
8618	0
8619	0
8620	0
8621	0
8622	0
8623	10
8624	2810
8625	3840
8626	7860
8627	4680
8628	1820
8629	1740
8630	1730
8631	1700
8632	1670
8633	1640
8634	1620
8635	2980
8636	6400
8637	3850
8638	1580
8639	1570
8640	0
8641	0
8642	0
8643	0
8644	0
8645	0
8646	0
8647	0
8648	3570
8649	5040
8650	10680
8651	6330
8652	2370
8653	2240
8654	2150
8655	2070
8656	2030
8657	2010
8658	2030
8659	4340
8660	10080
8661	5880
8662	2110
8663	2110
8664	0
8665	0
8666	0
8667	0
8668	0
8669	0
8670	0
8671	0
8672	3590
8673	5130
8674	10800
8675	6420
8676	2430
8677	2210
8678	1970
8679	1890
8680	1920
8681	1980
8682	1990
8683	4160
8684	9500
8685	5520
8686	2000
8687	1990
8688	0
8689	0
8690	0
8691	0
8692	0
8693	0
8694	0
8695	0
8696	3380
8697	4840
8698	10420
8699	6160
8700	1940
8701	1440
8702	1130
8703	980
8704	930
8705	1120
8706	1380
8707	3630
8708	9230
8709	5470
8710	1790
8711	1750
8712	0
8713	0
8714	0
8715	0
8716	0
8717	0
8718	0
8719	0
8720	3240
8721	4830
8722	10110
8723	5690
8724	1960
8725	1810
8726	1720
8727	1620
8728	1550
8729	1570
8730	1610
8731	3120
8732	6780
8733	4010
8734	1600
8735	1570
8736	0
8737	0
8738	0
8739	0
8740	0
8741	0
8742	0
8743	0
8744	2350
8745	3070
8746	6090
8747	3690
8748	1490
8749	1320
8750	1270
8751	1220
8752	1180
8753	1200
8754	1290
8755	2830
8756	6640
8757	3910
8758	1460
8759	1420
8760	0
