1	0
2	0
3	0
4	0
5	0
6	0
7	0.155224
8	2275.774776
9	3898.02
10	8840.85
11	5199.4
12	1918.6
13	1835.3
14	1761.6
15	1754.4
16	1794.7
17	1892.6
18	1916.2
19	3929.3
20	9055.2
21	5571.1
22	2216.3
23	2262.8
24	0.7
25	0
26	0
27	0
28	0
29	0
30	0
31	0.4
32	4242
33	5564.5
34	10954.6
35	6728.6
36	3002.5
37	2952.2
38	2956
39	2943.4
40	2942.9
41	2939.9
42	2967
43	5041
44	10164
45	6371
46	3012
47	3049
48	1
49	0
50	0
51	0
52	0
53	0
54	0
55	1
56	5507
57	6666
58	12254
59	7824
60	3772
61	3505
62	3257
63	3162
64	3181
65	3238
66	3397
67	5869
68	12029
69	7594
70	3537
71	3542
72	2
73	0
74	0
75	0
76	0
77	0
78	0
79	1
80	6754
81	8333
82	15468
83	9696
84	3984
85	3246
86	2737
87	2436
88	2315
89	2666
90	3023
91	5784
92	12517
93	7911
94	3586
95	3670
96	1
97	0
98	0
99	0
100	0
101	0
102	0
103	2
104	6903
105	8540
106	15882
107	10046
108	4209
109	3463
110	3009
111	2699
112	2561
113	2899
114	3298
115	6285
116	13675
117	8723
118	3901
119	3918
120	2
121	0
122	0
123	0
124	0
125	0
126	0
127	1
128	7274
129	9115
130	17104
131	10689
132	4514
133	3921
134	3680
135	3485
136	3469
137	3651
138	3840
139	6777
140	14214
141	9182
142	4283
143	4289
144	2
145	0
146	0
147	0
148	0
149	0
150	0
151	1
152	7151
153	8308
154	14678
155	9586
156	5022
157	4804
158	4580
159	4476
160	4437
161	4419
162	4423
163	6923
164	13255
165	8662
166	4430
167	4436
168	1
169	0
170	0
171	0
172	0
173	0
174	0
175	2
176	7805
177	8985
178	15759
179	10361
180	5346
181	4877
182	4559
183	4378
184	4258
185	4318
186	4384
187	6964
188	13414
189	8715
190	4450
191	4445
192	2
193	0
194	0
195	0
196	0
197	0
198	0
199	2
200	7559
201	8431
202	14284
203	9443
204	5127
205	4839
206	4602
207	4404
208	4281
209	4290
210	4304
211	6415
212	11732
213	7754
214	4187
215	4147
216	1
217	0
218	0
219	0
220	0
221	0
222	0
223	2
224	6632
225	6980
226	10932
227	7282
228	3833
229	3070
230	2670
231	2643
232	2846
233	2968
234	3140
235	4977
236	9488
237	6261
238	3278
239	3315
240	1
241	0
242	0
243	0
244	0
245	0
246	0
247	1
248	5829
249	6521
250	11175
251	7454
252	3672
253	3579
254	3443
255	3278
256	3345
257	3376
258	3402
259	5363
260	10243
261	6690
262	3470
263	3480
264	0
265	0
266	0
267	0
268	0
269	0
270	0
271	0
272	6020
273	6800
274	11840
275	7950
276	4380
277	4270
278	4050
279	3750
280	3280
281	3170
282	3450
283	5620
284	10930
285	7190
286	3680
287	3700
288	0
289	0
290	0
291	0
292	0
293	0
294	0
295	0
296	6890
297	8170
298	14400
299	9110
300	3920
301	3110
302	2660
303	2400
304	2310
305	2570
306	3010
307	5740
308	12360
309	7800
310	3530
311	3530
312	10
313	0
314	0
315	0
316	0
317	0
318	0
319	0
320	6370
321	7570
322	13620
323	8830
324	4530
325	4390
326	4230
327	4070
328	4000
329	3980
330	4000
331	6320
332	12050
333	7790
334	3990
335	3990
336	0
337	0
338	0
339	0
340	0
341	0
342	0
343	0
344	6800
345	7610
346	12940
347	8580
348	4640
349	4390
350	4180
351	4020
352	3880
353	3830
354	3890
355	5990
356	11160
357	7330
358	3880
359	3880
360	0
361	0
362	0
363	0
364	0
365	0
366	0
367	0
368	6550
369	7270
370	12410
371	8150
372	3480
373	2790
374	2350
375	2100
376	2020
377	2160
378	2640
379	5230
380	11210
381	7050
382	3260
383	3290
384	0
385	0
386	0
387	0
388	0
389	0
390	0
391	0
392	6340
393	7850
394	14640
395	9060
396	3540
397	2780
398	2330
399	2050
400	1930
401	1960
402	2280
403	4860
404	10940
405	6970
406	3130
407	3210
408	0
409	0
410	0
411	0
412	0
413	0
414	0
415	0
416	6040
417	7290
418	13250
419	8390
420	4170
421	4020
422	3940
423	3900
424	3880
425	3830
426	3820
427	5980
428	11430
429	7410
430	3770
431	3740
432	10
433	0
434	0
435	0
436	0
437	0
438	0
439	0
440	6280
441	7010
442	11930
443	7920
444	3910
445	2970
446	2490
447	2330
448	2010
449	2040
450	2480
451	4660
452	9700
453	6200
454	2960
455	2990
456	0
457	0
458	0
459	0
460	0
461	0
462	0
463	0
464	5370
465	6450
466	11570
467	7310
468	3770
469	3680
470	3610
471	3450
472	3290
473	3270
474	3290
475	5080
476	9490
477	6270
478	3310
479	3280
480	0
481	0
482	0
483	0
484	0
485	0
486	0
487	0
488	5730
489	6500
490	11170
491	7190
492	3260
493	2830
494	2620
495	2570
496	2480
497	2600
498	2760
499	4630
500	8910
501	5720
502	2960
503	2920
504	0
505	0
506	0
507	0
508	0
509	0
510	0
511	0
512	4890
513	5230
514	8620
515	5850
516	3370
517	3240
518	3110
519	3060
520	3000
521	2950
522	2900
523	4040
524	6780
525	4530
526	2690
527	2640
528	0
529	0
530	0
531	0
532	0
533	0
534	0
535	0
536	4170
537	4630
538	7910
539	5440
540	3090
541	2930
542	2770
543	2650
544	2610
545	2610
546	2650
547	4270
548	8370
549	5560
550	2870
551	2850
552	0
553	0
554	0
555	0
556	0
557	0
558	0
559	0
560	5000
561	5630
562	9680
563	6320
564	3280
565	2980
566	2950
567	3060
568	3030
569	2930
570	2940
571	4520
572	8600
573	5720
574	3040
575	3060
576	0
577	0
578	0
579	0
580	0
581	0
582	0
583	0
584	5440
585	6360
586	10950
587	7070
588	3750
589	3580
590	3330
591	3090
592	2990
593	2910
594	2810
595	3640
596	6170
597	4420
598	2670
599	2630
600	0
601	0
602	0
603	0
604	0
605	0
606	0
607	0
608	4140
609	4390
610	6990
611	4480
612	2200
613	2080
614	2060
615	2000
616	1980
617	2080
618	2190
619	3250
620	6570
621	4890
622	2560
623	2620
624	0
625	0
626	0
627	0
628	0
629	0
630	0
631	0
632	5200
633	6250
634	11290
635	7020
636	3300
637	3050
638	2630
639	2150
640	1980
641	2020
642	2370
643	4610
644	9790
645	6160
646	2840
647	2850
648	0
649	0
650	0
651	0
652	0
653	0
654	0
655	0
656	4800
657	5410
658	9320
659	6070
660	3120
661	2860
662	2730
663	2520
664	2330
665	2460
666	2580
667	4210
668	8350
669	5420
670	2800
671	2820
672	0
673	0
674	0
675	0
676	0
677	0
678	0
679	0
680	4730
681	5240
682	8680
683	5610
684	2920
685	2790
686	2800
687	2790
688	2800
689	2790
690	2780
691	4100
692	7500
693	4890
694	2620
695	2600
696	0
697	0
698	0
699	0
700	0
701	0
702	0
703	0
704	4570
705	5070
706	8470
707	5600
708	3180
709	3100
710	2960
711	2900
712	2890
713	2910
714	2980
715	4870
716	9690
717	6490
718	3320
719	3400
720	0
721	0
722	0
723	0
724	0
725	0
726	0
727	0
728	4870
729	5010
730	8040
731	5530
732	3230
733	2570
734	1750
735	1430
736	1230
737	1100
738	1350
739	2960
740	6380
741	4380
742	2250
743	2360
744	0
745	0
746	0
747	0
748	0
749	0
750	0
751	0
752	4100
753	4660
754	7890
755	4970
756	2580
757	2470
758	2340
759	2150
760	1930
761	1950
762	2070
763	3170
764	5920
765	3970
766	2180
767	2230
768	0
769	0
770	0
771	0
772	0
773	0
774	0
775	0
776	4130
777	4780
778	8170
779	4510
780	1430
781	1090
782	960
783	830
784	710
785	640
786	690
787	1830
788	5150
789	3490
790	1280
791	1440
792	0
793	0
794	0
795	0
796	0
797	0
798	0
799	0
800	3650
801	4960
802	9620
803	4940
804	1210
805	950
806	860
807	790
808	700
809	610
810	660
811	1850
812	5190
813	3460
814	1080
815	1230
816	0
817	0
818	0
819	0
820	0
821	0
822	0
823	0
824	2160
825	3230
826	6890
827	3840
828	990
829	830
830	780
831	730
832	650
833	610
834	670
835	2160
836	5890
837	3430
838	830
839	850
840	0
841	0
842	0
843	0
844	0
845	0
846	0
847	0
848	1650
849	2350
850	4670
851	2610
852	1010
853	910
854	740
855	680
856	740
857	840
858	920
859	1830
860	4290
861	2890
862	1310
863	1370
864	0
865	0
866	0
867	0
868	0
869	0
870	0
871	0
872	2780
873	3620
874	6990
875	4250
876	1860
877	1700
878	1540
879	1450
880	1380
881	1420
882	1520
883	2900
884	6240
885	4060
886	1880
887	1890
888	0
889	0
890	0
891	0
892	0
893	0
894	0
895	0
896	4160
897	5310
898	9900
899	5940
900	2640
901	2310
902	1740
903	1220
904	1170
905	1410
906	1650
907	3270
908	7140
909	4530
910	2060
911	2120
912	0
913	0
914	0
915	0
916	0
917	0
918	0
919	10
920	3970
921	4850
922	8870
923	5490
924	2590
925	2490
926	2400
927	2390
928	2390
929	2330
930	2350
931	3860
932	7680
933	4970
934	2460
935	2450
936	0
937	0
938	0
939	0
940	0
941	0
942	0
943	0
944	3990
945	4370
946	7240
947	4700
948	2450
949	2210
950	1960
951	1850
952	1870
953	1920
954	1980
955	3040
956	5920
957	4130
958	2210
959	2250
960	0
961	0
962	0
963	0
964	0
965	0
966	0
967	0
968	5160
969	6270
970	11540
971	7310
972	3590
973	3420
974	3240
975	3080
976	2970
977	2940
978	3000
979	5010
980	10040
981	6490
982	3250
983	3260
984	10
985	0
986	0
987	0
988	0
989	0
990	0
991	0
992	5680
993	6650
994	11840
995	7720
996	4000
997	3830
998	3670
999	3550
1000	3450
1001	3370
1002	3340
1003	5430
1004	10890
1005	7290
1006	3680
1007	3690
1008	0
1009	0
1010	0
1011	0
1012	0
1013	0
1014	0
1015	0
1016	6620
1017	7690
1018	13500
1019	8710
1020	4560
1021	4370
1022	4200
1023	4070
1024	4010
1025	3960
1026	3940
1027	6140
1028	11670
1029	7600
1030	3920
1031	3900
1032	0
1033	0
1034	0
1035	0
1036	0
1037	0
1038	0
1039	0
1040	6720
1041	7650
1042	13260
1043	8770
1044	4690
1045	4530
1046	4390
1047	4250
1048	4150
1049	4050
1050	4030
1051	6270
1052	11920
1053	7770
1054	4020
1055	3980
1056	10
1057	0
1058	0
1059	0
1060	0
1061	0
1062	0
1063	0
1064	6910
1065	7870
1066	13640
1067	8980
1068	4780
1069	4540
1070	4290
1071	4080
1072	3860
1073	3710
1074	3750
1075	6120
1076	11930
1077	7760
1078	3930
1079	3890
1080	0
1081	0
1082	0
1083	0
1084	0
1085	0
1086	0
1087	10
1088	6750
1089	7690
1090	13390
1091	8830
1092	4670
1093	4490
1094	4310
1095	4140
1096	4000
1097	3970
1098	3990
1099	6310
1100	12080
1101	7860
1102	4020
1103	4000
1104	0
1105	0
1106	0
1107	0
1108	0
1109	0
1110	0
1111	0
1112	6950
1113	7920
1114	13750
1115	9060
1116	4810
1117	4530
1118	4310
1119	4180
1120	4070
1121	4010
1122	3960
1123	6120
1124	11540
1125	7580
1126	3970
1127	3930
1128	10
1129	0
1130	0
1131	0
1132	0
1133	0
1134	0
1135	0
1136	6660
1137	7450
1138	12690
1139	8490
1140	4700
1141	4520
1142	4390
1143	4290
1144	4190
1145	4100
1146	4040
1147	5930
1148	10720
1149	7120
1150	3890
1151	3850
1152	0
1153	0
1154	0
1155	0
1156	0
1157	0
1158	0
1159	0
1160	6500
1161	7120
1162	11770
1163	7650
1164	4140
1165	3900
1166	3670
1167	3450
1168	3390
1169	3370
1170	3350
1171	4960
1172	9130
1173	6360
1174	3560
1175	3530
1176	0
1177	0
1178	0
1179	0
1180	0
1181	0
1182	0
1183	0
1184	5800
1185	6280
1186	10300
1187	6780
1188	3670
1189	3480
1190	3200
1191	2870
1192	2750
1193	2670
1194	2560
1195	4340
1196	8710
1197	5910
1198	3090
1199	3140
1200	0
1201	0
1202	0
1203	0
1204	0
1205	0
1206	0
1207	0
1208	5420
1209	6080
1210	10400
1211	6860
1212	3590
1213	3420
1214	3220
1215	3000
1216	2830
1217	2760
1218	2730
1219	4530
1220	8830
1221	5810
1222	3040
1223	3020
1224	0
1225	0
1226	0
1227	0
1228	0
1229	0
1230	0
1231	0
1232	5490
1233	6280
1234	11090
1235	6900
1236	3400
1237	3220
1238	2870
1239	2610
1240	2400
1241	2510
1242	2720
1243	4660
1244	9460
1245	6400
1246	3230
1247	3230
1248	0
1249	0
1250	0
1251	0
1252	0
1253	0
1254	0
1255	0
1256	6050
1257	7370
1258	12880
1259	7010
1260	2540
1261	2210
1262	2050
1263	1750
1264	1530
1265	1520
1266	1770
1267	4290
1268	10220
1269	6650
1270	2920
1271	3050
1272	0
1273	0
1274	0
1275	0
1276	0
1277	0
1278	0
1279	0
1280	6000
1281	7360
1282	13360
1283	7650
1284	2990
1285	2810
1286	2430
1287	2150
1288	2110
1289	2110
1290	2460
1291	5130
1292	11700
1293	7420
1294	3200
1295	3250
1296	10
1297	0
1298	0
1299	0
1300	0
1301	0
1302	0
1303	0
1304	6710
1305	8550
1306	15560
1307	8500
1308	2960
1309	2350
1310	2100
1311	1870
1312	1640
1313	1550
1314	1690
1315	4140
1316	10190
1317	6690
1318	2820
1319	2890
1320	0
1321	0
1322	0
1323	0
1324	0
1325	0
1326	0
1327	0
1328	6140
1329	8160
1330	15380
1331	8840
1332	3590
1333	3160
1334	2810
1335	2320
1336	1930
1337	1790
1338	1880
1339	4480
1340	10460
1341	6570
1342	2840
1343	2920
1344	0
1345	0
1346	0
1347	0
1348	0
1349	0
1350	0
1351	0
1352	5750
1353	7000
1354	12160
1355	7000
1356	2970
1357	2450
1358	1910
1359	1510
1360	1170
1361	1010
1362	1000
1363	2380
1364	6000
1365	4460
1366	2040
1367	2110
1368	0
1369	0
1370	0
1371	0
1372	0
1373	0
1374	0
1375	0
1376	4940
1377	6650
1378	12180
1379	6030
1380	1780
1381	1500
1382	1420
1383	1340
1384	1170
1385	860
1386	790
1387	2170
1388	5940
1389	4290
1390	1830
1391	1960
1392	0
1393	0
1394	0
1395	0
1396	0
1397	0
1398	0
1399	0
1400	3720
1401	4790
1402	8750
1403	4810
1404	1750
1405	1260
1406	1010
1407	960
1408	950
1409	870
1410	800
1411	2110
1412	5680
1413	3760
1414	1640
1415	1760
1416	0
1417	0
1418	0
1419	0
1420	0
1421	0
1422	0
1423	0
1424	3390
1425	4350
1426	8190
1427	4970
1428	2330
1429	2210
1430	2040
1431	1890
1432	1760
1433	1650
1434	1620
1435	2940
1436	6190
1437	4050
1438	2010
1439	2050
1440	0
1441	0
1442	0
1443	0
1444	0
1445	0
1446	0
1447	0
1448	3730
1449	4430
1450	7850
1451	4410
1452	1490
1453	1360
1454	1500
1455	1660
1456	1810
1457	1880
1458	1850
1459	3240
1460	6930
1461	4570
1462	2200
1463	2240
1464	0
1465	0
1466	0
1467	0
1468	0
1469	0
1470	0
1471	0
1472	4110
1473	4960
1474	8990
1475	5790
1476	2870
1477	2690
1478	2590
1479	2540
1480	2480
1481	2480
1482	2520
1483	4110
1484	8120
1485	5260
1486	2640
1487	2650
1488	0
1489	0
1490	0
1491	0
1492	0
1493	0
1494	0
1495	0
1496	4890
1497	5630
1498	9250
1499	4840
1500	1560
1501	1310
1502	1220
1503	980
1504	830
1505	770
1506	780
1507	2210
1508	5870
1509	3850
1510	1590
1511	1690
1512	0
1513	0
1514	0
1515	0
1516	0
1517	0
1518	0
1519	0
1520	3230
1521	4120
1522	7640
1523	4600
1524	1990
1525	1760
1526	1520
1527	1200
1528	950
1529	760
1530	680
1531	1670
1532	4410
1533	3030
1534	1380
1535	1420
1536	0
1537	0
1538	0
1539	0
1540	0
1541	0
1542	0
1543	0
1544	3150
1545	4260
1546	8010
1547	4500
1548	1940
1549	1880
1550	1900
1551	1950
1552	2060
1553	2030
1554	2040
1555	3690
1556	7690
1557	4850
1558	2260
1559	2290
1560	0
1561	0
1562	0
1563	0
1564	0
1565	0
1566	0
1567	10
1568	4740
1569	5930
1570	10240
1571	5150
1572	1520
1573	1180
1574	970
1575	840
1576	760
1577	710
1578	730
1579	2190
1580	6110
1581	3820
1582	1360
1583	1460
1584	0
1585	0
1586	0
1587	0
1588	0
1589	0
1590	0
1591	0
1592	3750
1593	5290
1594	9840
1595	4730
1596	1190
1597	1040
1598	950
1599	900
1600	800
1601	710
1602	690
1603	2370
1604	6730
1605	4150
1606	1120
1607	1270
1608	0
1609	0
1610	0
1611	0
1612	0
1613	0
1614	0
1615	0
1616	3660
1617	5530
1618	10800
1619	5200
1620	1240
1621	1030
1622	950
1623	880
1624	790
1625	730
1626	700
1627	2350
1628	6770
1629	4360
1630	1240
1631	1430
1632	0
1633	0
1634	0
1635	0
1636	0
1637	0
1638	0
1639	0
1640	3740
1641	5350
1642	10250
1643	5100
1644	1470
1645	1180
1646	870
1647	700
1648	650
1649	700
1650	800
1651	2080
1652	5340
1653	3440
1654	1430
1655	1530
1656	0
1657	0
1658	0
1659	0
1660	0
1661	0
1662	0
1663	0
1664	3150
1665	4190
1666	7970
1667	4590
1668	1960
1669	1790
1670	1490
1671	1200
1672	980
1673	910
1674	980
1675	2090
1676	5100
1677	3630
1678	1750
1679	1900
1680	0
1681	0
1682	0
1683	0
1684	0
1685	0
1686	0
1687	0
1688	4340
1689	5910
1690	10590
1691	4780
1692	1150
1693	880
1694	740
1695	660
1696	540
1697	470
1698	440
1699	1100
1700	3500
1701	2800
1702	870
1703	1000
1704	0
1705	0
1706	0
1707	0
1708	0
1709	0
1710	0
1711	0
1712	3360
1713	5040
1714	9300
1715	3900
1716	820
1717	670
1718	610
1719	510
1720	400
1721	380
1722	360
1723	860
1724	2770
1725	2470
1726	640
1727	710
1728	0
1729	0
1730	0
1731	0
1732	0
1733	0
1734	0
1735	0
1736	2270
1737	3890
1738	7490
1739	3020
1740	600
1741	490
1742	400
1743	330
1744	290
1745	260
1746	230
1747	620
1748	2200
1749	2170
1750	490
1751	540
1752	0
1753	0
1754	0
1755	0
1756	0
1757	0
1758	0
1759	0
1760	1920
1761	3670
1762	7520
1763	3080
1764	510
1765	430
1766	340
1767	260
1768	210
1769	190
1770	180
1771	360
1772	1650
1773	2170
1774	410
1775	470
1776	0
1777	0
1778	0
1779	0
1780	0
1781	0
1782	0
1783	0
1784	1020
1785	2260
1786	5630
1787	2750
1788	370
1789	260
1790	210
1791	200
1792	160
1793	150
1794	170
1795	240
1796	670
1797	1060
1798	220
1799	230
1800	0
1801	0
1802	0
1803	0
1804	0
1805	0
1806	0
1807	0
1808	610
1809	1630
1810	4410
1811	2480
1812	520
1813	510
1814	510
1815	480
1816	440
1817	450
1818	430
1819	1200
1820	3100
1821	1840
1822	530
1823	650
1824	0
1825	0
1826	0
1827	0
1828	0
1829	0
1830	0
1831	0
1832	1970
1833	2800
1834	5370
1835	2870
1836	1040
1837	900
1838	700
1839	480
1840	380
1841	350
1842	330
1843	970
1844	2800
1845	2000
1846	590
1847	590
1848	0
1849	0
1850	0
1851	0
1852	0
1853	0
1854	0
1855	0
1856	1900
1857	2890
1858	5620
1859	2550
1860	530
1861	450
1862	370
1863	330
1864	280
1865	250
1866	220
1867	700
1868	2090
1869	2000
1870	430
1871	500
1872	0
1873	0
1874	0
1875	0
1876	0
1877	0
1878	0
1879	0
1880	1900
1881	3520
1882	7650
1883	3460
1884	530
1885	430
1886	350
1887	280
1888	210
1889	190
1890	180
1891	280
1892	980
1893	1750
1894	330
1895	390
1896	0
1897	0
1898	0
1899	0
1900	0
1901	0
1902	0
1903	0
1904	970
1905	2680
1906	6160
1907	2420
1908	300
1909	260
1910	280
1911	290
1912	290
1913	300
1914	310
1915	1080
1916	3150
1917	2060
1918	630
1919	670
1920	0
1921	0
1922	0
1923	0
1924	0
1925	0
1926	0
1927	0
1928	1240
1929	2190
1930	4870
1931	2400
1932	510
1933	460
1934	430
1935	370
1936	370
1937	380
1938	390
1939	1310
1940	3480
1941	2060
1942	670
1943	740
1944	0
1945	0
1946	0
1947	0
1948	0
1949	0
1950	0
1951	0
1952	1810
1953	2680
1954	5520
1955	2710
1956	500
1957	430
1958	400
1959	350
1960	330
1961	330
1962	360
1963	1320
1964	3950
1965	2430
1966	550
1967	590
1968	0
1969	0
1970	0
1971	0
1972	0
1973	0
1974	0
1975	0
1976	2310
1977	3630
1978	7680
1979	4020
1980	940
1981	590
1982	470
1983	430
1984	420
1985	450
1986	480
1987	1740
1988	5080
1989	3230
1990	1110
1991	1280
1992	10
1993	0
1994	0
1995	0
1996	0
1997	0
1998	0
1999	0
2000	3390
2001	4670
2002	8680
2003	4130
2004	1150
2005	930
2006	740
2007	630
2008	600
2009	530
2010	500
2011	1910
2012	5620
2013	3440
2014	1110
2015	1320
2016	0
2017	0
2018	0
2019	0
2020	0
2021	0
2022	0
2023	0
2024	3250
2025	4700
2026	9210
2027	4770
2028	1240
2029	980
2030	770
2031	690
2032	610
2033	570
2034	570
2035	2090
2036	6280
2037	3890
2038	1210
2039	1440
2040	0
2041	0
2042	0
2043	0
2044	0
2045	0
2046	0
2047	0
2048	3730
2049	5310
2050	10440
2051	5370
2052	1210
2053	900
2054	820
2055	770
2056	760
2057	730
2058	750
2059	2540
2060	7310
2061	4380
2062	1430
2063	1630
2064	0
2065	0
2066	0
2067	0
2068	0
2069	0
2070	0
2071	0
2072	4010
2073	5440
2074	10300
2075	4960
2076	1120
2077	940
2078	860
2079	800
2080	740
2081	660
2082	590
2083	2230
2084	6590
2085	4070
2086	1010
2087	1190
2088	0
2089	0
2090	0
2091	0
2092	0
2093	0
2094	0
2095	0
2096	3960
2097	5350
2098	10090
2099	4610
2100	1000
2101	890
2102	830
2103	740
2104	660
2105	570
2106	520
2107	1820
2108	5550
2109	3780
2110	860
2111	950
2112	0
2113	0
2114	0
2115	0
2116	0
2117	0
2118	0
2119	0
2120	2970
2121	4230
2122	8110
2123	3690
2124	800
2125	680
2126	610
2127	540
2128	410
2129	340
2130	330
2131	680
2132	2120
2133	2280
2134	550
2135	630
2136	0
2137	0
2138	0
2139	0
2140	0
2141	0
2142	0
2143	0
2144	1240
2145	2240
2146	5070
2147	2450
2148	490
2149	440
2150	370
2151	300
2152	240
2153	210
2154	200
2155	200
2156	600
2157	1410
2158	260
2159	280
2160	0
2161	0
2162	0
2163	0
2164	0
2165	0
2166	0
2167	0
2168	810
2169	1960
2170	4900
2171	2600
2172	340
2173	270
2174	230
2175	190
2176	150
2177	140
2178	130
2179	130
2180	380
2181	1260
2182	200
2183	240
2184	0
2185	0
2186	0
2187	0
2188	0
2189	0
2190	0
2191	0
2192	700
2193	2100
2194	4890
2195	2130
2196	230
2197	190
2198	140
2199	120
2200	100
2201	90
2202	80
2203	80
2204	210
2205	790
2206	100
2207	100
2208	0
2209	0
2210	0
2211	0
2212	0
2213	0
2214	0
2215	0
2216	430
2217	1270
2218	3060
2219	1640
2220	120
2221	100
2222	80
2223	60
2224	40
2225	40
2226	20
2227	20
2228	90
2229	500
2230	40
2231	50
2232	0
2233	0
2234	0
2235	0
2236	0
2237	0
2238	0
2239	0
2240	120
2241	710
2242	2090
2243	1500
2244	70
2245	60
2246	40
2247	30
2248	30
2249	30
2250	40
2251	170
2252	710
2253	1140
2254	70
2255	100
2256	0
2257	0
2258	0
2259	0
2260	0
2261	0
2262	0
2263	0
2264	330
2265	1220
2266	3390
2267	1910
2268	210
2269	220
2270	210
2271	180
2272	130
2273	100
2274	100
2275	420
2276	1420
2277	1410
2278	190
2279	260
2280	0
2281	0
2282	0
2283	0
2284	0
2285	0
2286	0
2287	0
2288	680
2289	1790
2290	4540
2291	2670
2292	440
2293	320
2294	300
2295	270
2296	250
2297	260
2298	310
2299	1330
2300	4020
2301	2460
2302	430
2303	510
2304	0
2305	0
2306	0
2307	0
2308	0
2309	0
2310	0
2311	0
2312	1880
2313	3290
2314	7440
2315	4100
2316	1240
2317	1020
2318	750
2319	540
2320	420
2321	400
2322	370
2323	1590
2324	5050
2325	3260
2326	810
2327	900
2328	10
2329	0
2330	0
2331	0
2332	0
2333	0
2334	0
2335	0
2336	2500
2337	3620
2338	7420
2339	3700
2340	860
2341	920
2342	920
2343	800
2344	550
2345	520
2346	590
2347	2200
2348	5940
2349	3530
2350	1270
2351	1380
2352	0
2353	0
2354	0
2355	0
2356	0
2357	0
2358	0
2359	0
2360	3310
2361	4570
2362	8450
2363	4150
2364	1180
2365	920
2366	830
2367	700
2368	620
2369	580
2370	570
2371	1790
2372	5140
2373	3230
2374	1090
2375	1290
2376	0
2377	0
2378	0
2379	0
2380	0
2381	0
2382	0
2383	0
2384	2820
2385	4030
2386	8220
2387	4870
2388	1940
2389	1810
2390	1750
2391	1780
2392	1790
2393	1810
2394	1800
2395	3230
2396	6830
2397	4300
2398	1940
2399	1960
2400	0
2401	0
2402	0
2403	0
2404	0
2405	0
2406	0
2407	0
2408	3600
2409	4290
2410	7600
2411	4340
2412	1830
2413	1590
2414	1310
2415	1050
2416	690
2417	530
2418	480
2419	1260
2420	3420
2421	2410
2422	1020
2423	1240
2424	0
2425	0
2426	0
2427	0
2428	0
2429	0
2430	0
2431	0
2432	3410
2433	4410
2434	8260
2435	4730
2436	1820
2437	1270
2438	840
2439	740
2440	620
2441	620
2442	600
2443	1760
2444	5020
2445	3140
2446	1280
2447	1370
2448	0
2449	0
2450	0
2451	0
2452	0
2453	0
2454	0
2455	0
2456	2820
2457	3660
2458	6890
2459	4030
2460	1630
2461	1400
2462	1060
2463	760
2464	670
2465	550
2466	550
2467	1680
2468	4540
2469	2830
2470	1070
2471	1240
2472	0
2473	0
2474	0
2475	0
2476	0
2477	0
2478	0
2479	0
2480	3400
2481	4000
2482	7140
2483	3420
2484	740
2485	640
2486	580
2487	510
2488	430
2489	370
2490	350
2491	860
2492	2190
2493	1770
2494	410
2495	450
2496	0
2497	0
2498	0
2499	0
2500	0
2501	0
2502	0
2503	0
2504	1960
2505	3000
2506	6330
2507	2940
2508	500
2509	420
2510	360
2511	340
2512	320
2513	320
2514	310
2515	880
2516	2500
2517	1760
2518	390
2519	460
2520	0
2521	0
2522	0
2523	0
2524	0
2525	0
2526	0
2527	0
2528	1750
2529	2800
2530	6010
2531	2910
2532	560
2533	560
2534	640
2535	490
2536	420
2537	380
2538	370
2539	1540
2540	4710
2541	2870
2542	690
2543	760
2544	0
2545	0
2546	0
2547	0
2548	0
2549	0
2550	0
2551	0
2552	2130
2553	3180
2554	6700
2555	3880
2556	1490
2557	1420
2558	1390
2559	1390
2560	1360
2561	1320
2562	1330
2563	2620
2564	5870
2565	3730
2566	1610
2567	1610
2568	0
2569	0
2570	0
2571	0
2572	0
2573	0
2574	0
2575	0
2576	3030
2577	3720
2578	6800
2579	4120
2580	1840
2581	1690
2582	1590
2583	1550
2584	1500
2585	1490
2586	1540
2587	2580
2588	5210
2589	3440
2590	1710
2591	1740
2592	0
2593	0
2594	0
2595	0
2596	0
2597	0
2598	0
2599	0
2600	3410
2601	4180
2602	7760
2603	4780
2604	2050
2605	1750
2606	1680
2607	1600
2608	1410
2609	1320
2610	1470
2611	2940
2612	6610
2613	4300
2614	1930
2615	1970
2616	0
2617	0
2618	0
2619	0
2620	0
2621	0
2622	0
2623	0
2624	3850
2625	4620
2626	7890
2627	4240
2628	1760
2629	1680
2630	1450
2631	1160
2632	810
2633	640
2634	610
2635	1760
2636	4920
2637	3190
2638	1310
2639	1510
2640	0
2641	0
2642	0
2643	0
2644	0
2645	0
2646	0
2647	0
2648	3190
2649	3910
2650	7060
2651	3600
2652	990
2653	630
2654	500
2655	460
2656	430
2657	380
2658	340
2659	750
2660	1780
2661	1430
2662	470
2663	500
2664	0
2665	0
2666	0
2667	0
2668	0
2669	0
2670	0
2671	10
2672	1770
2673	2790
2674	6020
2675	3110
2676	780
2677	580
2678	420
2679	350
2680	320
2681	290
2682	280
2683	800
2684	2360
2685	1690
2686	460
2687	520
2688	0
2689	0
2690	0
2691	0
2692	0
2693	0
2694	0
2695	0
2696	1890
2697	2390
2698	4150
2699	1600
2700	310
2701	250
2702	210
2703	170
2704	140
2705	130
2706	110
2707	110
2708	110
2709	90
2710	120
2711	140
2712	0
2713	0
2714	0
2715	0
2716	0
2717	0
2718	0
2719	0
2720	430
2721	870
2722	1820
2723	820
2724	130
2725	100
2726	80
2727	50
2728	40
2729	40
2730	30
2731	20
2732	10
2733	10
2734	10
2735	10
2736	0
2737	0
2738	0
2739	0
2740	0
2741	0
2742	0
2743	0
2744	150
2745	930
2746	3020
2747	1760
2748	100
2749	80
2750	60
2751	40
2752	10
2753	20
2754	30
2755	110
2756	360
2757	680
2758	50
2759	70
2760	0
2761	0
2762	0
2763	0
2764	0
2765	0
2766	0
2767	0
2768	210
2769	960
2770	2850
2771	1510
2772	100
2773	80
2774	70
2775	70
2776	70
2777	70
2778	70
2779	380
2780	1210
2781	990
2782	110
2783	120
2784	0
2785	0
2786	0
2787	0
2788	0
2789	0
2790	0
2791	0
2792	350
2793	1080
2794	2650
2795	1160
2796	100
2797	70
2798	60
2799	40
2800	30
2801	30
2802	60
2803	570
2804	1990
2805	1550
2806	120
2807	130
2808	0
2809	0
2810	0
2811	0
2812	0
2813	0
2814	0
2815	0
2816	360
2817	1430
2818	4190
2819	2160
2820	230
2821	220
2822	230
2823	220
2824	190
2825	200
2826	180
2827	920
2828	2900
2829	1760
2830	290
2831	360
2832	0
2833	0
2834	0
2835	0
2836	0
2837	0
2838	0
2839	0
2840	1610
2841	2440
2842	4870
2843	2010
2844	250
2845	230
2846	250
2847	250
2848	250
2849	250
2850	260
2851	1030
2852	3080
2853	1740
2854	400
2855	470
2856	0
2857	0
2858	0
2859	0
2860	0
2861	0
2862	0
2863	0
2864	1520
2865	1660
2866	2920
2867	1110
2868	260
2869	210
2870	180
2871	130
2872	110
2873	90
2874	80
2875	80
2876	130
2877	300
2878	100
2879	120
2880	0
2881	0
2882	0
2883	0
2884	0
2885	0
2886	0
2887	0
2888	290
2889	800
2890	1790
2891	700
2892	90
2893	80
2894	50
2895	40
2896	30
2897	30
2898	30
2899	540
2900	2150
2901	1480
2902	90
2903	100
2904	0
2905	0
2906	0
2907	0
2908	0
2909	0
2910	0
2911	0
2912	210
2913	950
2914	2860
2915	1520
2916	140
2917	130
2918	140
2919	140
2920	130
2921	140
2922	140
2923	760
2924	2600
2925	1640
2926	180
2927	200
2928	0
2929	0
2930	0
2931	0
2932	0
2933	0
2934	0
2935	0
2936	760
2937	1730
2938	4390
2939	2410
2940	600
2941	450
2942	310
2943	280
2944	260
2945	260
2946	270
2947	1080
2948	3270
2949	1920
2950	500
2951	570
2952	0
2953	0
2954	0
2955	0
2956	0
2957	0
2958	0
2959	0
2960	1560
2961	2420
2962	4820
2963	2200
2964	330
2965	300
2966	290
2967	250
2968	220
2969	220
2970	200
2971	800
2972	2340
2973	1740
2974	250
2975	280
2976	0
2977	0
2978	0
2979	0
2980	0
2981	0
2982	0
2983	0
2984	1210
2985	2540
2986	6250
2987	3400
2988	760
2989	580
2990	650
2991	640
2992	590
2993	520
2994	580
2995	1820
2996	5070
2997	3090
2998	1150
2999	1370
3000	0
3001	0
3002	0
3003	0
3004	0
3005	0
3006	0
3007	0
3008	2680
3009	2870
3010	5240
3011	2620
3012	510
3013	390
3014	350
3015	350
3016	360
3017	410
3018	460
3019	1540
3020	4440
3021	2520
3022	750
3023	900
3024	0
3025	0
3026	0
3027	0
3028	0
3029	0
3030	0
3031	0
3032	2260
3033	2960
3034	5470
3035	2170
3036	370
3037	320
3038	280
3039	260
3040	190
3041	160
3042	150
3043	140
3044	180
3045	460
3046	200
3047	210
3048	0
3049	0
3050	0
3051	0
3052	0
3053	0
3054	0
3055	0
3056	410
3057	830
3058	1770
3059	780
3060	160
3061	110
3062	90
3063	70
3064	60
3065	50
3066	50
3067	40
3068	40
3069	60
3070	50
3071	60
3072	0
3073	0
3074	0
3075	0
3076	0
3077	0
3078	0
3079	0
3080	160
3081	120
3082	120
3083	100
3084	30
3085	10
3086	20
3087	0
3088	0
3089	0
3090	0
3091	0
3092	0
3093	0
3094	0
3095	0
3096	0
3097	0
3098	0
3099	0
3100	0
3101	0
3102	0
3103	0
3104	20
3105	180
3106	330
3107	340
3108	0
3109	0
3110	0
3111	0
3112	0
3113	0
3114	0
3115	0
3116	0
3117	70
3118	0
3119	0
3120	0
3121	0
3122	0
3123	0
3124	0
3125	0
3126	0
3127	0
3128	0
3129	300
3130	820
3131	660
3132	0
3133	0
3134	0
3135	0
3136	0
3137	0
3138	0
3139	150
3140	460
3141	760
3142	0
3143	0
3144	0
3145	0
3146	0
3147	0
3148	0
3149	0
3150	0
3151	0
3152	0
3153	410
3154	1480
3155	1070
3156	0
3157	0
3158	0
3159	0
3160	0
3161	0
3162	0
3163	0
3164	60
3165	510
3166	0
3167	0
3168	0
3169	0
3170	0
3171	0
3172	0
3173	0
3174	0
3175	0
3176	50
3177	690
3178	2060
3179	1220
3180	0
3181	0
3182	0
3183	0
3184	0
3185	0
3186	0
3187	0
3188	0
3189	90
3190	0
3191	0
3192	0
3193	0
3194	0
3195	0
3196	0
3197	0
3198	0
3199	0
3200	0
3201	200
3202	510
3203	670
3204	0
3205	0
3206	0
3207	0
3208	0
3209	0
3210	0
3211	0
3212	30
3213	340
3214	0
3215	0
3216	0
3217	0
3218	0
3219	0
3220	0
3221	0
3222	0
3223	0
3224	10
3225	310
3226	640
3227	480
3228	0
3229	0
3230	0
3231	0
3232	0
3233	0
3234	0
3235	0
3236	0
3237	60
3238	0
3239	0
3240	0
3241	0
3242	0
3243	0
3244	0
3245	0
3246	0
3247	0
3248	0
3249	30
3250	10
3251	10
3252	0
3253	0
3254	0
3255	0
3256	0
3257	0
3258	0
3259	0
3260	0
3261	0
3262	0
3263	0
3264	0
3265	0
3266	0
3267	0
3268	0
3269	0
3270	0
3271	0
3272	0
3273	0
3274	0
3275	0
3276	0
3277	0
3278	0
3279	0
3280	0
3281	0
3282	0
3283	0
3284	0
3285	0
3286	0
3287	0
3288	0
3289	0
3290	0
3291	0
3292	0
3293	0
3294	0
3295	0
3296	0
3297	0
3298	0
3299	0
3300	0
3301	0
3302	0
3303	0
3304	0
3305	0
3306	0
3307	0
3308	0
3309	200
3310	0
3311	0
3312	0
3313	0
3314	0
3315	0
3316	0
3317	0
3318	0
3319	0
3320	0
3321	90
3322	110
3323	210
3324	0
3325	0
3326	0
3327	0
3328	0
3329	0
3330	0
3331	0
3332	0
3333	260
3334	0
3335	0
3336	0
3337	0
3338	0
3339	0
3340	0
3341	0
3342	0
3343	0
3344	0
3345	190
3346	290
3347	270
3348	0
3349	0
3350	0
3351	0
3352	0
3353	0
3354	0
3355	0
3356	0
3357	70
3358	0
3359	0
3360	0
3361	0
3362	0
3363	0
3364	0
3365	0
3366	0
3367	0
3368	0
3369	530
3370	1210
3371	630
3372	0
3373	0
3374	0
3375	0
3376	0
3377	0
3378	0
3379	0
3380	90
3381	460
3382	0
3383	0
3384	0
3385	0
3386	0
3387	0
3388	0
3389	0
3390	0
3391	0
3392	0
3393	410
3394	1130
3395	520
3396	0
3397	0
3398	0
3399	0
3400	0
3401	0
3402	0
3403	0
3404	0
3405	140
3406	0
3407	0
3408	0
3409	0
3410	0
3411	0
3412	0
3413	0
3414	0
3415	0
3416	0
3417	110
3418	180
3419	220
3420	0
3421	0
3422	0
3423	0
3424	0
3425	0
3426	0
3427	0
3428	0
3429	0
3430	0
3431	0
3432	0
3433	0
3434	0
3435	0
3436	0
3437	0
3438	0
3439	0
3440	0
3441	0
3442	30
3443	90
3444	0
3445	0
3446	0
3447	0
3448	0
3449	0
3450	0
3451	0
3452	0
3453	0
3454	0
3455	0
3456	0
3457	0
3458	0
3459	0
3460	0
3461	0
3462	0
3463	0
3464	0
3465	0
3466	0
3467	0
3468	0
3469	0
3470	0
3471	0
3472	0
3473	0
3474	0
3475	0
3476	0
3477	0
3478	0
3479	0
3480	0
3481	0
3482	0
3483	0
3484	0
3485	0
3486	0
3487	0
3488	0
3489	0
3490	0
3491	70
3492	0
3493	0
3494	0
3495	0
3496	0
3497	0
3498	0
3499	0
3500	0
3501	50
3502	0
3503	0
3504	0
3505	0
3506	0
3507	0
3508	0
3509	0
3510	0
3511	0
3512	0
3513	50
3514	90
3515	150
3516	0
3517	0
3518	0
3519	0
3520	0
3521	0
3522	0
3523	0
3524	0
3525	10
3526	0
3527	0
3528	0
3529	0
3530	0
3531	0
3532	0
3533	0
3534	0
3535	0
3536	0
3537	0
3538	0
3539	0
3540	0
3541	0
3542	0
3543	0
3544	0
3545	0
3546	0
3547	0
3548	0
3549	0
3550	0
3551	0
3552	0
3553	0
3554	0
3555	0
3556	0
3557	0
3558	0
3559	0
3560	0
3561	0
3562	0
3563	70
3564	0
3565	0
3566	0
3567	0
3568	0
3569	0
3570	0
3571	0
3572	0
3573	100
3574	0
3575	0
3576	0
3577	0
3578	0
3579	0
3580	0
3581	0
3582	0
3583	0
3584	0
3585	160
3586	520
3587	460
3588	0
3589	0
3590	0
3591	0
3592	0
3593	0
3594	0
3595	0
3596	10
3597	170
3598	0
3599	0
3600	0
3601	0
3602	0
3603	0
3604	0
3605	0
3606	0
3607	0
3608	0
3609	370
3610	1370
3611	900
3612	0
3613	0
3614	0
3615	0
3616	0
3617	0
3618	0
3619	350
3620	1390
3621	980
3622	0
3623	0
3624	0
3625	0
3626	0
3627	0
3628	0
3629	0
3630	0
3631	0
3632	10
3633	860
3634	2580
3635	1170
3636	0
3637	0
3638	0
3639	0
3640	0
3641	0
3642	0
3643	70
3644	210
3645	610
3646	0
3647	0
3648	0
3649	0
3650	0
3651	0
3652	0
3653	0
3654	0
3655	0
3656	30
3657	550
3658	1300
3659	470
3660	0
3661	0
3662	0
3663	0
3664	0
3665	0
3666	0
3667	0
3668	0
3669	0
3670	0
3671	0
3672	0
3673	0
3674	0
3675	0
3676	0
3677	0
3678	0
3679	0
3680	0
3681	10
3682	0
3683	0
3684	0
3685	0
3686	0
3687	0
3688	0
3689	0
3690	0
3691	0
3692	0
3693	0
3694	0
3695	0
3696	0
3697	0
3698	0
3699	0
3700	0
3701	0
3702	0
3703	0
3704	0
3705	0
3706	0
3707	0
3708	0
3709	0
3710	0
3711	0
3712	0
3713	0
3714	0
3715	0
3716	0
3717	0
3718	0
3719	0
3720	0
3721	0
3722	0
3723	0
3724	0
3725	0
3726	0
3727	0
3728	0
3729	0
3730	0
3731	0
3732	0
3733	0
3734	0
3735	0
3736	0
3737	0
3738	0
3739	0
3740	0
3741	0
3742	0
3743	0
3744	0
3745	0
3746	0
3747	0
3748	0
3749	0
3750	0
3751	0
3752	0
3753	0
3754	0
3755	0
3756	0
3757	0
3758	0
3759	0
3760	0
3761	0
3762	0
3763	0
3764	0
3765	0
3766	0
3767	0
3768	0
3769	0
3770	0
3771	0
3772	0
3773	0
3774	0
3775	0
3776	0
3777	0
3778	20
3779	190
3780	0
3781	0
3782	0
3783	0
3784	0
3785	0
3786	0
3787	0
3788	0
3789	10
3790	0
3791	0
3792	0
3793	0
3794	0
3795	0
3796	0
3797	0
3798	0
3799	0
3800	0
3801	40
3802	70
3803	190
3804	0
3805	0
3806	0
3807	0
3808	0
3809	0
3810	0
3811	0
3812	0
3813	0
3814	0
3815	0
3816	0
3817	0
3818	0
3819	0
3820	0
3821	0
3822	0
3823	0
3824	0
3825	0
3826	0
3827	10
3828	0
3829	0
3830	0
3831	0
3832	0
3833	0
3834	0
3835	0
3836	0
3837	0
3838	0
3839	0
3840	0
3841	0
3842	0
3843	0
3844	0
3845	0
3846	0
3847	0
3848	0
3849	0
3850	0
3851	0
3852	0
3853	0
3854	0
3855	0
3856	0
3857	0
3858	0
3859	0
3860	0
3861	0
3862	0
3863	0
3864	0
3865	0
3866	0
3867	0
3868	0
3869	0
3870	0
3871	0
3872	0
3873	0
3874	0
3875	0
3876	0
3877	0
3878	0
3879	0
3880	0
3881	0
3882	0
3883	0
3884	0
3885	0
3886	0
3887	0
3888	0
3889	0
3890	0
3891	0
3892	0
3893	0
3894	0
3895	0
3896	0
3897	0
3898	0
3899	0
3900	0
3901	0
3902	0
3903	0
3904	0
3905	0
3906	0
3907	0
3908	0
3909	0
3910	0
3911	0
3912	0
3913	0
3914	0
3915	0
3916	0
3917	0
3918	0
3919	0
3920	0
3921	0
3922	0
3923	0
3924	0
3925	0
3926	0
3927	0
3928	0
3929	0
3930	0
3931	0
3932	0
3933	0
3934	0
3935	0
3936	0
3937	0
3938	0
3939	0
3940	0
3941	0
3942	0
3943	0
3944	0
3945	0
3946	0
3947	0
3948	0
3949	0
3950	0
3951	0
3952	0
3953	0
3954	0
3955	0
3956	0
3957	0
3958	0
3959	0
3960	0
3961	0
3962	0
3963	0
3964	0
3965	0
3966	0
3967	0
3968	0
3969	0
3970	0
3971	0
3972	0
3973	0
3974	0
3975	0
3976	0
3977	0
3978	0
3979	0
3980	0
3981	0
3982	0
3983	0
3984	0
3985	0
3986	0
3987	0
3988	0
3989	0
3990	0
3991	0
3992	0
3993	0
3994	0
3995	0
3996	0
3997	0
3998	0
3999	0
4000	0
4001	0
4002	0
4003	0
4004	0
4005	0
4006	0
4007	0
4008	0
4009	0
4010	0
4011	0
4012	0
4013	0
4014	0
4015	0
4016	0
4017	0
4018	0
4019	0
4020	0
4021	0
4022	0
4023	0
4024	0
4025	0
4026	0
4027	0
4028	0
4029	0
4030	0
4031	0
4032	0
4033	0
4034	0
4035	0
4036	0
4037	0
4038	0
4039	0
4040	0
4041	0
4042	0
4043	0
4044	0
4045	0
4046	0
4047	0
4048	0
4049	0
4050	0
4051	0
4052	0
4053	0
4054	0
4055	0
4056	0
4057	0
4058	0
4059	0
4060	0
4061	0
4062	0
4063	0
4064	0
4065	0
4066	0
4067	0
4068	0
4069	0
4070	0
4071	0
4072	0
4073	0
4074	0
4075	0
4076	0
4077	0
4078	0
4079	0
4080	0
4081	0
4082	0
4083	0
4084	0
4085	0
4086	0
4087	0
4088	0
4089	0
4090	0
4091	0
4092	0
4093	0
4094	0
4095	0
4096	0
4097	0
4098	0
4099	0
4100	0
4101	0
4102	0
4103	0
4104	0
4105	0
4106	0
4107	0
4108	0
4109	0
4110	0
4111	0
4112	0
4113	0
4114	0
4115	180
4116	0
4117	0
4118	0
4119	0
4120	0
4121	0
4122	0
4123	0
4124	0
4125	30
4126	0
4127	0
4128	0
4129	0
4130	0
4131	0
4132	0
4133	0
4134	0
4135	0
4136	0
4137	290
4138	980
4139	630
4140	0
4141	0
4142	0
4143	0
4144	0
4145	0
4146	0
4147	0
4148	40
4149	290
4150	0
4151	0
4152	0
4153	0
4154	0
4155	0
4156	0
4157	0
4158	0
4159	0
4160	0
4161	490
4162	1580
4163	810
4164	0
4165	0
4166	0
4167	0
4168	0
4169	0
4170	0
4171	0
4172	130
4173	730
4174	0
4175	0
4176	0
4177	0
4178	0
4179	0
4180	0
4181	0
4182	0
4183	0
4184	0
4185	530
4186	1430
4187	730
4188	0
4189	0
4190	0
4191	0
4192	0
4193	0
4194	0
4195	0
4196	70
4197	400
4198	0
4199	0
4200	0
4201	0
4202	0
4203	0
4204	0
4205	0
4206	0
4207	0
4208	0
4209	410
4210	1040
4211	580
4212	0
4213	0
4214	0
4215	0
4216	0
4217	0
4218	0
4219	50
4220	180
4221	540
4222	0
4223	0
4224	0
4225	0
4226	0
4227	0
4228	0
4229	0
4230	0
4231	0
4232	0
4233	620
4234	1870
4235	910
4236	0
4237	0
4238	0
4239	0
4240	0
4241	0
4242	0
4243	0
4244	0
4245	190
4246	0
4247	0
4248	0
4249	0
4250	0
4251	0
4252	0
4253	0
4254	0
4255	0
4256	0
4257	0
4258	0
4259	0
4260	0
4261	0
4262	0
4263	0
4264	0
4265	0
4266	0
4267	0
4268	0
4269	0
4270	0
4271	0
4272	0
4273	0
4274	0
4275	0
4276	0
4277	0
4278	0
4279	0
4280	0
4281	0
4282	10
4283	50
4284	0
4285	0
4286	0
4287	0
4288	0
4289	0
4290	0
4291	0
4292	0
4293	0
4294	0
4295	0
4296	0
4297	0
4298	0
4299	0
4300	0
4301	0
4302	0
4303	0
4304	0
4305	0
4306	0
4307	0
4308	0
4309	0
4310	0
4311	0
4312	0
4313	0
4314	0
4315	0
4316	0
4317	0
4318	0
4319	0
4320	0
4321	0
4322	0
4323	0
4324	0
4325	0
4326	0
4327	0
4328	0
4329	0
4330	0
4331	0
4332	0
4333	0
4334	0
4335	0
4336	0
4337	0
4338	0
4339	0
4340	0
4341	0
4342	0
4343	0
4344	0
4345	0
4346	0
4347	0
4348	0
4349	0
4350	0
4351	0
4352	0
4353	10
4354	100
4355	340
4356	0
4357	0
4358	0
4359	0
4360	0
4361	0
4362	0
4363	0
4364	0
4365	40
4366	0
4367	0
4368	0
4369	0
4370	0
4371	0
4372	0
4373	0
4374	0
4375	0
4376	0
4377	150
4378	280
4379	150
4380	0
4381	0
4382	0
4383	0
4384	0
4385	0
4386	0
4387	0
4388	0
4389	0
4390	0
4391	0
4392	0
4393	0
4394	0
4395	0
4396	0
4397	0
4398	0
4399	0
4400	0
4401	0
4402	0
4403	0
4404	0
4405	0
4406	0
4407	0
4408	0
4409	0
4410	0
4411	0
4412	0
4413	0
4414	0
4415	0
4416	0
4417	0
4418	0
4419	0
4420	0
4421	0
4422	0
4423	0
4424	0
4425	10
4426	20
4427	170
4428	0
4429	0
4430	0
4431	0
4432	0
4433	0
4434	0
4435	0
4436	0
4437	0
4438	0
4439	0
4440	0
4441	0
4442	0
4443	0
4444	0
4445	0
4446	0
4447	0
4448	0
4449	0
4450	0
4451	80
4452	0
4453	0
4454	0
4455	0
4456	0
4457	0
4458	0
4459	0
4460	0
4461	0
4462	0
4463	0
4464	0
4465	0
4466	0
4467	0
4468	0
4469	0
4470	0
4471	0
4472	0
4473	10
4474	10
4475	40
4476	0
4477	0
4478	0
4479	0
4480	0
4481	0
4482	0
4483	0
4484	0
4485	0
4486	0
4487	0
4488	0
4489	0
4490	0
4491	0
4492	0
4493	0
4494	0
4495	0
4496	0
4497	0
4498	10
4499	20
4500	0
4501	0
4502	0
4503	0
4504	0
4505	0
4506	0
4507	0
4508	0
4509	0
4510	0
4511	0
4512	0
4513	0
4514	0
4515	0
4516	0
4517	0
4518	0
4519	0
4520	0
4521	0
4522	0
4523	0
4524	0
4525	0
4526	0
4527	0
4528	0
4529	0
4530	0
4531	0
4532	0
4533	0
4534	0
4535	0
4536	0
4537	0
4538	0
4539	0
4540	0
4541	0
4542	0
4543	0
4544	0
4545	0
4546	10
4547	70
4548	0
4549	0
4550	0
4551	0
4552	0
4553	0
4554	0
4555	0
4556	0
4557	10
4558	0
4559	0
4560	0
4561	0
4562	0
4563	0
4564	0
4565	0
4566	0
4567	0
4568	0
4569	130
4570	400
4571	520
4572	0
4573	0
4574	0
4575	0
4576	0
4577	0
4578	0
4579	40
4580	120
4581	380
4582	0
4583	0
4584	0
4585	0
4586	0
4587	0
4588	0
4589	0
4590	0
4591	0
4592	0
4593	170
4594	330
4595	220
4596	0
4597	0
4598	0
4599	0
4600	0
4601	0
4602	0
4603	0
4604	0
4605	120
4606	0
4607	0
4608	0
4609	0
4610	0
4611	0
4612	0
4613	0
4614	0
4615	0
4616	0
4617	10
4618	50
4619	190
4620	0
4621	0
4622	0
4623	0
4624	0
4625	0
4626	0
4627	0
4628	0
4629	0
4630	0
4631	0
4632	0
4633	0
4634	0
4635	0
4636	0
4637	0
4638	0
4639	0
4640	0
4641	0
4642	0
4643	0
4644	0
4645	0
4646	0
4647	0
4648	0
4649	0
4650	0
4651	0
4652	0
4653	0
4654	0
4655	0
4656	0
4657	0
4658	0
4659	0
4660	0
4661	0
4662	0
4663	0
4664	0
4665	0
4666	0
4667	0
4668	0
4669	0
4670	0
4671	0
4672	0
4673	0
4674	0
4675	0
4676	0
4677	0
4678	0
4679	0
4680	0
4681	0
4682	0
4683	0
4684	0
4685	0
4686	0
4687	0
4688	0
4689	0
4690	0
4691	0
4692	0
4693	0
4694	0
4695	0
4696	0
4697	0
4698	0
4699	0
4700	0
4701	0
4702	0
4703	0
4704	0
4705	0
4706	0
4707	0
4708	0
4709	0
4710	0
4711	0
4712	0
4713	0
4714	0
4715	0
4716	0
4717	0
4718	0
4719	0
4720	0
4721	0
4722	0
4723	0
4724	0
4725	0
4726	0
4727	0
4728	0
4729	0
4730	0
4731	0
4732	0
4733	0
4734	0
4735	0
4736	0
4737	0
4738	0
4739	0
4740	0
4741	0
4742	0
4743	0
4744	0
4745	0
4746	0
4747	0
4748	0
4749	0
4750	0
4751	0
4752	0
4753	0
4754	0
4755	0
4756	0
4757	0
4758	0
4759	0
4760	0
4761	0
4762	0
4763	0
4764	0
4765	0
4766	0
4767	0
4768	0
4769	0
4770	0
4771	0
4772	0
4773	0
4774	0
4775	0
4776	0
4777	0
4778	0
4779	0
4780	0
4781	0
4782	0
4783	0
4784	0
4785	0
4786	0
4787	0
4788	0
4789	0
4790	0
4791	0
4792	0
4793	0
4794	0
4795	0
4796	0
4797	0
4798	0
4799	0
4800	0
4801	0
4802	0
4803	0
4804	0
4805	0
4806	0
4807	0
4808	0
4809	0
4810	0
4811	0
4812	0
4813	0
4814	0
4815	0
4816	0
4817	0
4818	0
4819	0
4820	0
4821	0
4822	0
4823	0
4824	0
4825	0
4826	0
4827	0
4828	0
4829	0
4830	0
4831	0
4832	0
4833	0
4834	0
4835	0
4836	0
4837	0
4838	0
4839	0
4840	0
4841	0
4842	0
4843	0
4844	0
4845	0
4846	0
4847	0
4848	0
4849	0
4850	0
4851	0
4852	0
4853	0
4854	0
4855	0
4856	0
4857	0
4858	0
4859	0
4860	0
4861	0
4862	0
4863	0
4864	0
4865	0
4866	0
4867	0
4868	0
4869	0
4870	0
4871	0
4872	0
4873	0
4874	0
4875	0
4876	0
4877	0
4878	0
4879	0
4880	0
4881	0
4882	0
4883	0
4884	0
4885	0
4886	0
4887	0
4888	0
4889	0
4890	0
4891	0
4892	0
4893	0
4894	0
4895	0
4896	0
4897	0
4898	0
4899	0
4900	0
4901	0
4902	0
4903	0
4904	0
4905	0
4906	0
4907	0
4908	0
4909	0
4910	0
4911	0
4912	0
4913	0
4914	0
4915	0
4916	0
4917	0
4918	0
4919	0
4920	0
4921	0
4922	0
4923	0
4924	0
4925	0
4926	0
4927	0
4928	0
4929	0
4930	0
4931	0
4932	0
4933	0
4934	0
4935	0
4936	0
4937	0
4938	0
4939	0
4940	0
4941	0
4942	0
4943	0
4944	0
4945	0
4946	0
4947	0
4948	0
4949	0
4950	0
4951	0
4952	0
4953	0
4954	0
4955	0
4956	0
4957	0
4958	0
4959	0
4960	0
4961	0
4962	0
4963	0
4964	0
4965	0
4966	0
4967	0
4968	0
4969	0
4970	0
4971	0
4972	0
4973	0
4974	0
4975	0
4976	0
4977	0
4978	0
4979	0
4980	0
4981	0
4982	0
4983	0
4984	0
4985	0
4986	0
4987	0
4988	0
4989	0
4990	0
4991	0
4992	0
4993	0
4994	0
4995	0
4996	0
4997	0
4998	0
4999	0
5000	0
5001	0
5002	0
5003	0
5004	0
5005	0
5006	0
5007	0
5008	0
5009	0
5010	0
5011	0
5012	0
5013	0
5014	0
5015	0
5016	0
5017	0
5018	0
5019	0
5020	0
5021	0
5022	0
5023	0
5024	0
5025	0
5026	0
5027	0
5028	0
5029	0
5030	0
5031	0
5032	0
5033	0
5034	0
5035	0
5036	0
5037	0
5038	0
5039	0
5040	0
5041	0
5042	0
5043	0
5044	0
5045	0
5046	0
5047	0
5048	0
5049	0
5050	0
5051	0
5052	0
5053	0
5054	0
5055	0
5056	0
5057	0
5058	0
5059	0
5060	0
5061	0
5062	0
5063	0
5064	0
5065	0
5066	0
5067	0
5068	0
5069	0
5070	0
5071	0
5072	0
5073	0
5074	0
5075	0
5076	0
5077	0
5078	0
5079	0
5080	0
5081	0
5082	0
5083	0
5084	0
5085	0
5086	0
5087	0
5088	0
5089	0
5090	0
5091	0
5092	0
5093	0
5094	0
5095	0
5096	0
5097	0
5098	0
5099	0
5100	0
5101	0
5102	0
5103	0
5104	0
5105	0
5106	0
5107	0
5108	0
5109	0
5110	0
5111	0
5112	0
5113	0
5114	0
5115	0
5116	0
5117	0
5118	0
5119	0
5120	0
5121	0
5122	0
5123	0
5124	0
5125	0
5126	0
5127	0
5128	0
5129	0
5130	0
5131	0
5132	0
5133	0
5134	0
5135	0
5136	0
5137	0
5138	0
5139	0
5140	0
5141	0
5142	0
5143	0
5144	0
5145	0
5146	0
5147	0
5148	0
5149	0
5150	0
5151	0
5152	0
5153	0
5154	0
5155	0
5156	0
5157	0
5158	0
5159	0
5160	0
5161	0
5162	0
5163	0
5164	0
5165	0
5166	0
5167	0
5168	0
5169	0
5170	0
5171	0
5172	0
5173	0
5174	0
5175	0
5176	0
5177	0
5178	0
5179	0
5180	0
5181	0
5182	0
5183	0
5184	0
5185	0
5186	0
5187	0
5188	0
5189	0
5190	0
5191	0
5192	0
5193	0
5194	0
5195	0
5196	0
5197	0
5198	0
5199	0
5200	0
5201	0
5202	0
5203	0
5204	0
5205	0
5206	0
5207	0
5208	0
5209	0
5210	0
5211	0
5212	0
5213	0
5214	0
5215	0
5216	0
5217	0
5218	0
5219	0
5220	0
5221	0
5222	0
5223	0
5224	0
5225	0
5226	0
5227	0
5228	0
5229	0
5230	0
5231	0
5232	0
5233	0
5234	0
5235	0
5236	0
5237	0
5238	0
5239	0
5240	0
5241	0
5242	0
5243	0
5244	0
5245	0
5246	0
5247	0
5248	0
5249	0
5250	0
5251	0
5252	0
5253	0
5254	0
5255	0
5256	0
5257	0
5258	0
5259	0
5260	0
5261	0
5262	0
5263	0
5264	0
5265	0
5266	0
5267	0
5268	0
5269	0
5270	0
5271	0
5272	0
5273	0
5274	0
5275	0
5276	0
5277	0
5278	0
5279	0
5280	0
5281	0
5282	0
5283	0
5284	0
5285	0
5286	0
5287	0
5288	0
5289	0
5290	0
5291	0
5292	0
5293	0
5294	0
5295	0
5296	0
5297	0
5298	0
5299	0
5300	0
5301	0
5302	0
5303	0
5304	0
5305	0
5306	0
5307	0
5308	0
5309	0
5310	0
5311	0
5312	0
5313	0
5314	0
5315	60
5316	0
5317	0
5318	0
5319	0
5320	0
5321	0
5322	0
5323	0
5324	50
5325	330
5326	0
5327	0
5328	0
5329	0
5330	0
5331	0
5332	0
5333	0
5334	0
5335	0
5336	0
5337	100
5338	270
5339	260
5340	0
5341	0
5342	0
5343	0
5344	0
5345	0
5346	0
5347	0
5348	0
5349	10
5350	0
5351	0
5352	0
5353	0
5354	0
5355	0
5356	0
5357	0
5358	0
5359	0
5360	0
5361	30
5362	20
5363	20
5364	0
5365	0
5366	0
5367	0
5368	0
5369	0
5370	0
5371	0
5372	0
5373	0
5374	0
5375	0
5376	0
5377	0
5378	0
5379	0
5380	0
5381	0
5382	0
5383	0
5384	0
5385	0
5386	0
5387	0
5388	0
5389	0
5390	0
5391	0
5392	0
5393	0
5394	0
5395	0
5396	0
5397	0
5398	0
5399	0
5400	0
5401	0
5402	0
5403	0
5404	0
5405	0
5406	0
5407	0
5408	0
5409	0
5410	0
5411	0
5412	0
5413	0
5414	0
5415	0
5416	0
5417	0
5418	0
5419	0
5420	0
5421	0
5422	0
5423	0
5424	0
5425	0
5426	0
5427	0
5428	0
5429	0
5430	0
5431	0
5432	0
5433	0
5434	0
5435	0
5436	0
5437	0
5438	0
5439	0
5440	0
5441	0
5442	0
5443	0
5444	0
5445	0
5446	0
5447	0
5448	0
5449	0
5450	0
5451	0
5452	0
5453	0
5454	0
5455	0
5456	0
5457	0
5458	0
5459	0
5460	0
5461	0
5462	0
5463	0
5464	0
5465	0
5466	0
5467	0
5468	0
5469	0
5470	0
5471	0
5472	0
5473	0
5474	0
5475	0
5476	0
5477	0
5478	0
5479	0
5480	0
5481	0
5482	0
5483	0
5484	0
5485	0
5486	0
5487	0
5488	0
5489	0
5490	0
5491	0
5492	0
5493	0
5494	0
5495	0
5496	0
5497	0
5498	0
5499	0
5500	0
5501	0
5502	0
5503	0
5504	0
5505	0
5506	0
5507	0
5508	0
5509	0
5510	0
5511	0
5512	0
5513	0
5514	0
5515	0
5516	0
5517	0
5518	0
5519	0
5520	0
5521	0
5522	0
5523	0
5524	0
5525	0
5526	0
5527	0
5528	0
5529	0
5530	0
5531	0
5532	0
5533	0
5534	0
5535	0
5536	0
5537	0
5538	0
5539	0
5540	0
5541	0
5542	0
5543	0
5544	0
5545	0
5546	0
5547	0
5548	0
5549	0
5550	0
5551	0
5552	0
5553	0
5554	0
5555	0
5556	0
5557	0
5558	0
5559	0
5560	0
5561	0
5562	0
5563	0
5564	0
5565	0
5566	0
5567	0
5568	0
5569	0
5570	0
5571	0
5572	0
5573	0
5574	0
5575	0
5576	0
5577	0
5578	0
5579	0
5580	0
5581	0
5582	0
5583	0
5584	0
5585	0
5586	0
5587	0
5588	0
5589	0
5590	0
5591	0
5592	0
5593	0
5594	0
5595	0
5596	0
5597	0
5598	0
5599	0
5600	0
5601	0
5602	0
5603	0
5604	0
5605	0
5606	0
5607	0
5608	0
5609	0
5610	0
5611	0
5612	0
5613	0
5614	0
5615	0
5616	0
5617	0
5618	0
5619	0
5620	0
5621	0
5622	0
5623	0
5624	0
5625	0
5626	0
5627	0
5628	0
5629	0
5630	0
5631	0
5632	0
5633	0
5634	0
5635	0
5636	0
5637	0
5638	0
5639	0
5640	0
5641	0
5642	0
5643	0
5644	0
5645	0
5646	0
5647	0
5648	0
5649	0
5650	0
5651	0
5652	0
5653	0
5654	0
5655	0
5656	0
5657	0
5658	0
5659	0
5660	0
5661	0
5662	0
5663	0
5664	0
5665	0
5666	0
5667	0
5668	0
5669	0
5670	0
5671	0
5672	0
5673	0
5674	0
5675	0
5676	0
5677	0
5678	0
5679	0
5680	0
5681	0
5682	0
5683	0
5684	0
5685	0
5686	0
5687	0
5688	0
5689	0
5690	0
5691	0
5692	0
5693	0
5694	0
5695	0
5696	0
5697	0
5698	0
5699	0
5700	0
5701	0
5702	0
5703	0
5704	0
5705	0
5706	0
5707	0
5708	0
5709	0
5710	0
5711	0
5712	0
5713	0
5714	0
5715	0
5716	0
5717	0
5718	0
5719	0
5720	0
5721	0
5722	0
5723	0
5724	0
5725	0
5726	0
5727	0
5728	0
5729	0
5730	0
5731	0
5732	0
5733	0
5734	0
5735	0
5736	0
5737	0
5738	0
5739	0
5740	0
5741	0
5742	0
5743	0
5744	0
5745	0
5746	0
5747	10
5748	0
5749	0
5750	0
5751	0
5752	0
5753	0
5754	0
5755	0
5756	0
5757	0
5758	0
5759	0
5760	0
5761	0
5762	0
5763	0
5764	0
5765	0
5766	0
5767	0
5768	0
5769	0
5770	30
5771	200
5772	0
5773	0
5774	0
5775	0
5776	0
5777	0
5778	0
5779	0
5780	0
5781	70
5782	0
5783	0
5784	0
5785	0
5786	0
5787	0
5788	0
5789	0
5790	0
5791	0
5792	0
5793	110
5794	200
5795	200
5796	0
5797	0
5798	0
5799	0
5800	0
5801	0
5802	0
5803	0
5804	0
5805	60
5806	0
5807	0
5808	0
5809	0
5810	0
5811	0
5812	0
5813	0
5814	0
5815	0
5816	0
5817	280
5818	970
5819	670
5820	0
5821	0
5822	0
5823	0
5824	0
5825	0
5826	0
5827	0
5828	60
5829	300
5830	0
5831	0
5832	0
5833	0
5834	0
5835	0
5836	0
5837	0
5838	0
5839	0
5840	0
5841	270
5842	890
5843	550
5844	0
5845	0
5846	0
5847	0
5848	0
5849	0
5850	0
5851	0
5852	0
5853	0
5854	0
5855	0
5856	0
5857	0
5858	0
5859	0
5860	0
5861	0
5862	0
5863	0
5864	0
5865	160
5866	350
5867	220
5868	0
5869	0
5870	0
5871	0
5872	0
5873	0
5874	0
5875	0
5876	130
5877	480
5878	0
5879	0
5880	0
5881	0
5882	0
5883	0
5884	0
5885	0
5886	0
5887	0
5888	0
5889	340
5890	1050
5891	660
5892	0
5893	0
5894	0
5895	0
5896	0
5897	0
5898	0
5899	250
5900	1110
5901	910
5902	0
5903	0
5904	0
5905	0
5906	0
5907	0
5908	0
5909	0
5910	0
5911	0
5912	10
5913	580
5914	1840
5915	920
5916	0
5917	0
5918	0
5919	0
5920	0
5921	0
5922	0
5923	200
5924	840
5925	750
5926	0
5927	10
5928	0
5929	0
5930	0
5931	0
5932	0
5933	0
5934	0
5935	0
5936	70
5937	870
5938	2510
5939	1100
5940	10
5941	0
5942	0
5943	0
5944	0
5945	0
5946	0
5947	230
5948	1030
5949	990
5950	20
5951	20
5952	0
5953	0
5954	0
5955	0
5956	0
5957	0
5958	0
5959	0
5960	120
5961	910
5962	2390
5963	1080
5964	30
5965	30
5966	10
5967	0
5968	0
5969	10
5970	10
5971	150
5972	730
5973	840
5974	30
5975	50
5976	0
5977	0
5978	0
5979	0
5980	0
5981	0
5982	0
5983	0
5984	250
5985	1060
5986	3050
5987	1430
5988	100
5989	100
5990	80
5991	60
5992	80
5993	90
5994	100
5995	750
5996	2470
5997	1420
5998	150
5999	160
6000	0
6001	0
6002	0
6003	0
6004	0
6005	0
6006	0
6007	0
6008	660
6009	1400
6010	3110
6011	1360
6012	180
6013	170
6014	170
6015	170
6016	180
6017	170
6018	190
6019	710
6020	2120
6021	1310
6022	350
6023	430
6024	0
6025	0
6026	0
6027	0
6028	0
6029	0
6030	0
6031	0
6032	1330
6033	1670
6034	3190
6035	1350
6036	200
6037	170
6038	150
6039	110
6040	100
6041	90
6042	80
6043	70
6044	90
6045	410
6046	100
6047	120
6048	0
6049	0
6050	0
6051	0
6052	0
6053	0
6054	0
6055	0
6056	380
6057	940
6058	1950
6059	740
6060	90
6061	70
6062	50
6063	40
6064	20
6065	10
6066	10
6067	0
6068	0
6069	10
6070	10
6071	20
6072	0
6073	0
6074	0
6075	0
6076	0
6077	0
6078	0
6079	0
6080	90
6081	340
6082	720
6083	400
6084	0
6085	0
6086	0
6087	0
6088	0
6089	0
6090	0
6091	0
6092	0
6093	0
6094	0
6095	0
6096	0
6097	0
6098	0
6099	0
6100	0
6101	0
6102	0
6103	0
6104	20
6105	70
6106	70
6107	100
6108	0
6109	0
6110	0
6111	0
6112	0
6113	0
6114	0
6115	0
6116	0
6117	0
6118	0
6119	0
6120	0
6121	0
6122	0
6123	0
6124	0
6125	0
6126	0
6127	0
6128	0
6129	0
6130	10
6131	30
6132	0
6133	0
6134	0
6135	0
6136	0
6137	0
6138	0
6139	0
6140	0
6141	0
6142	0
6143	0
6144	0
6145	0
6146	0
6147	0
6148	0
6149	0
6150	0
6151	0
6152	0
6153	0
6154	40
6155	120
6156	0
6157	0
6158	0
6159	0
6160	0
6161	0
6162	0
6163	0
6164	0
6165	80
6166	0
6167	0
6168	0
6169	0
6170	0
6171	0
6172	0
6173	0
6174	0
6175	0
6176	0
6177	270
6178	610
6179	530
6180	0
6181	0
6182	0
6183	0
6184	0
6185	0
6186	0
6187	0
6188	0
6189	20
6190	0
6191	0
6192	0
6193	0
6194	0
6195	0
6196	0
6197	0
6198	0
6199	0
6200	0
6201	210
6202	400
6203	290
6204	0
6205	0
6206	0
6207	0
6208	0
6209	0
6210	0
6211	0
6212	0
6213	0
6214	0
6215	0
6216	0
6217	0
6218	0
6219	0
6220	0
6221	0
6222	0
6223	0
6224	0
6225	200
6226	760
6227	770
6228	0
6229	0
6230	0
6231	0
6232	0
6233	0
6234	0
6235	130
6236	610
6237	850
6238	0
6239	0
6240	0
6241	0
6242	0
6243	0
6244	0
6245	0
6246	0
6247	0
6248	0
6249	450
6250	1620
6251	1040
6252	0
6253	0
6254	0
6255	0
6256	0
6257	0
6258	0
6259	310
6260	1190
6261	890
6262	10
6263	10
6264	0
6265	0
6266	0
6267	0
6268	0
6269	0
6270	0
6271	0
6272	50
6273	670
6274	2040
6275	880
6276	10
6277	10
6278	20
6279	10
6280	0
6281	0
6282	0
6283	60
6284	400
6285	680
6286	30
6287	30
6288	0
6289	0
6290	0
6291	0
6292	0
6293	0
6294	0
6295	0
6296	240
6297	1060
6298	2660
6299	930
6300	30
6301	20
6302	0
6303	0
6304	0
6305	0
6306	0
6307	0
6308	110
6309	620
6310	30
6311	20
6312	0
6313	0
6314	0
6315	0
6316	0
6317	0
6318	0
6319	0
6320	80
6321	620
6322	1850
6323	1170
6324	40
6325	10
6326	10
6327	10
6328	10
6329	20
6330	10
6331	110
6332	480
6333	760
6334	30
6335	40
6336	0
6337	0
6338	0
6339	0
6340	0
6341	0
6342	0
6343	0
6344	120
6345	880
6346	2890
6347	1630
6348	120
6349	110
6350	120
6351	110
6352	120
6353	120
6354	140
6355	820
6356	2560
6357	1490
6358	200
6359	250
6360	0
6361	0
6362	0
6363	0
6364	0
6365	0
6366	0
6367	0
6368	860
6369	1690
6370	3770
6371	1610
6372	210
6373	170
6374	130
6375	110
6376	90
6377	80
6378	80
6379	160
6380	640
6381	930
6382	140
6383	150
6384	0
6385	0
6386	0
6387	0
6388	0
6389	0
6390	0
6391	0
6392	570
6393	1340
6394	3170
6395	1380
6396	190
6397	160
6398	140
6399	100
6400	80
6401	80
6402	70
6403	130
6404	680
6405	1080
6406	130
6407	150
6408	0
6409	0
6410	0
6411	0
6412	0
6413	0
6414	0
6415	0
6416	530
6417	1500
6418	3290
6419	1310
6420	180
6421	150
6422	110
6423	90
6424	60
6425	50
6426	40
6427	30
6428	190
6429	720
6430	70
6431	80
6432	0
6433	0
6434	0
6435	0
6436	0
6437	0
6438	0
6439	0
6440	190
6441	780
6442	2330
6443	1480
6444	110
6445	80
6446	70
6447	60
6448	50
6449	40
6450	50
6451	100
6452	470
6453	940
6454	90
6455	110
6456	0
6457	0
6458	0
6459	0
6460	0
6461	0
6462	0
6463	0
6464	420
6465	1530
6466	4410
6467	2350
6468	350
6469	340
6470	270
6471	190
6472	160
6473	200
6474	220
6475	980
6476	3090
6477	1890
6478	300
6479	350
6480	0
6481	0
6482	0
6483	0
6484	0
6485	0
6486	0
6487	0
6488	990
6489	1800
6490	4170
6491	2230
6492	490
6493	310
6494	260
6495	260
6496	280
6497	310
6498	370
6499	1150
6500	3130
6501	1780
6502	550
6503	580
6504	0
6505	0
6506	0
6507	0
6508	0
6509	0
6510	0
6511	0
6512	1430
6513	1980
6514	3390
6515	1340
6516	330
6517	280
6518	250
6519	250
6520	240
6521	240
6522	240
6523	620
6524	1670
6525	1230
6526	430
6527	510
6528	0
6529	0
6530	0
6531	0
6532	0
6533	0
6534	0
6535	0
6536	1150
6537	1620
6538	3180
6539	1830
6540	600
6541	400
6542	330
6543	270
6544	230
6545	250
6546	250
6547	620
6548	1820
6549	1250
6550	410
6551	520
6552	0
6553	0
6554	0
6555	0
6556	0
6557	0
6558	0
6559	0
6560	1630
6561	2300
6562	4360
6563	2020
6564	370
6565	290
6566	250
6567	220
6568	200
6569	190
6570	220
6571	630
6572	1870
6573	1400
6574	270
6575	280
6576	0
6577	0
6578	0
6579	0
6580	0
6581	0
6582	0
6583	0
6584	820
6585	1640
6586	3780
6587	1820
6588	380
6589	370
6590	370
6591	380
6592	380
6593	340
6594	310
6595	1000
6596	3170
6597	2130
6598	700
6599	760
6600	0
6601	0
6602	0
6603	0
6604	0
6605	0
6606	0
6607	0
6608	1520
6609	2190
6610	4300
6611	2310
6612	620
6613	370
6614	280
6615	240
6616	240
6617	240
6618	210
6619	690
6620	2220
6621	1620
6622	440
6623	530
6624	0
6625	0
6626	0
6627	0
6628	0
6629	0
6630	0
6631	0
6632	1720
6633	2490
6634	4260
6635	1680
6636	350
6637	300
6638	260
6639	220
6640	180
6641	170
6642	160
6643	380
6644	1440
6645	1630
6646	280
6647	300
6648	0
6649	0
6650	0
6651	0
6652	0
6653	0
6654	0
6655	0
6656	860
6657	1820
6658	3360
6659	1220
6660	230
6661	180
6662	150
6663	120
6664	110
6665	100
6666	90
6667	100
6668	260
6669	740
6670	140
6671	150
6672	0
6673	0
6674	0
6675	0
6676	0
6677	0
6678	0
6679	0
6680	290
6681	620
6682	1230
6683	620
6684	90
6685	70
6686	50
6687	40
6688	30
6689	10
6690	20
6691	30
6692	80
6693	320
6694	50
6695	50
6696	0
6697	0
6698	0
6699	0
6700	0
6701	0
6702	0
6703	0
6704	370
6705	1830
6706	5080
6707	2480
6708	170
6709	140
6710	110
6711	90
6712	80
6713	70
6714	70
6715	390
6716	1720
6717	1940
6718	140
6719	160
6720	0
6721	0
6722	0
6723	0
6724	0
6725	0
6726	0
6727	0
6728	500
6729	1760
6730	4950
6731	2700
6732	370
6733	320
6734	300
6735	260
6736	230
6737	240
6738	260
6739	1270
6740	3760
6741	2170
6742	380
6743	390
6744	0
6745	0
6746	0
6747	0
6748	0
6749	0
6750	0
6751	0
6752	870
6753	1710
6754	3940
6755	2040
6756	440
6757	360
6758	370
6759	410
6760	410
6761	400
6762	420
6763	1160
6764	3050
6765	1850
6766	630
6767	700
6768	0
6769	0
6770	0
6771	0
6772	0
6773	0
6774	0
6775	0
6776	1450
6777	2030
6778	4080
6779	2410
6780	980
6781	960
6782	920
6783	840
6784	760
6785	750
6786	810
6787	1550
6788	3510
6789	2320
6790	1030
6791	1050
6792	0
6793	0
6794	0
6795	0
6796	0
6797	0
6798	0
6799	0
6800	2060
6801	2620
6802	4770
6803	2700
6804	950
6805	680
6806	570
6807	490
6808	500
6809	550
6810	600
6811	1200
6812	3130
6813	2320
6814	1070
6815	1120
6816	0
6817	0
6818	0
6819	0
6820	0
6821	0
6822	0
6823	0
6824	1980
6825	2590
6826	4940
6827	2930
6828	1190
6829	1020
6830	900
6831	740
6832	460
6833	360
6834	340
6835	1220
6836	3660
6837	2570
6838	1040
6839	1160
6840	0
6841	0
6842	0
6843	0
6844	0
6845	0
6846	0
6847	0
6848	2600
6849	3850
6850	7300
6851	3760
6852	1340
6853	970
6854	560
6855	450
6856	380
6857	350
6858	330
6859	1070
6860	3160
6861	2340
6862	650
6863	740
6864	10
6865	0
6866	0
6867	0
6868	0
6869	0
6870	0
6871	0
6872	2370
6873	3780
6874	7790
6875	3810
6876	730
6877	610
6878	530
6879	430
6880	370
6881	340
6882	320
6883	1030
6884	2670
6885	2040
6886	510
6887	550
6888	0
6889	0
6890	0
6891	0
6892	0
6893	0
6894	0
6895	0
6896	1990
6897	3590
6898	7590
6899	3350
6900	640
6901	540
6902	470
6903	400
6904	390
6905	370
6906	370
6907	1000
6908	2760
6909	2080
6910	550
6911	580
6912	0
6913	0
6914	0
6915	0
6916	0
6917	0
6918	0
6919	0
6920	2050
6921	3670
6922	7310
6923	3140
6924	670
6925	600
6926	530
6927	440
6928	340
6929	310
6930	310
6931	1100
6932	3270
6933	2690
6934	590
6935	630
6936	0
6937	0
6938	0
6939	0
6940	0
6941	0
6942	0
6943	0
6944	1480
6945	3370
6946	7180
6947	3070
6948	640
6949	600
6950	560
6951	470
6952	390
6953	330
6954	340
6955	1280
6956	3690
6957	2850
6958	580
6959	610
6960	0
6961	0
6962	0
6963	0
6964	0
6965	0
6966	0
6967	0
6968	1660
6969	3530
6970	7630
6971	3420
6972	720
6973	680
6974	650
6975	550
6976	450
6977	380
6978	390
6979	1410
6980	3860
6981	2860
6982	600
6983	640
6984	0
6985	0
6986	0
6987	0
6988	0
6989	0
6990	0
6991	0
6992	1630
6993	3400
6994	7530
6995	3610
6996	770
6997	700
6998	670
6999	570
7000	480
7001	410
7002	430
7003	1560
7004	4320
7005	3110
7006	670
7007	700
7008	0
7009	0
7010	0
7011	0
7012	0
7013	0
7014	0
7015	0
7016	1490
7017	2950
7018	7110
7019	3930
7020	910
7021	760
7022	680
7023	600
7024	510
7025	490
7026	520
7027	1820
7028	4670
7029	2780
7030	710
7031	750
7032	0
7033	0
7034	0
7035	0
7036	0
7037	0
7038	0
7039	0
7040	1940
7041	3150
7042	6730
7043	3600
7044	1090
7045	980
7046	950
7047	850
7048	760
7049	680
7050	710
7051	1920
7052	4940
7053	3090
7054	1190
7055	1270
7056	0
7057	0
7058	0
7059	0
7060	0
7061	0
7062	0
7063	0
7064	3190
7065	4410
7066	8300
7067	4300
7068	1420
7069	1030
7070	730
7071	600
7072	540
7073	540
7074	570
7075	1390
7076	3920
7077	2720
7078	940
7079	1030
7080	0
7081	0
7082	0
7083	0
7084	0
7085	0
7086	0
7087	0
7088	2200
7089	2780
7090	5090
7091	2860
7092	1110
7093	1100
7094	1010
7095	900
7096	780
7097	580
7098	660
7099	1860
7100	4840
7101	3230
7102	1390
7103	1400
7104	0
7105	0
7106	0
7107	0
7108	0
7109	0
7110	0
7111	0
7112	3210
7113	4310
7114	7530
7115	3300
7116	1120
7117	1160
7118	1220
7119	1260
7120	1300
7121	1390
7122	1480
7123	2600
7124	5320
7125	3340
7126	1600
7127	1640
7128	0
7129	0
7130	0
7131	0
7132	0
7133	0
7134	0
7135	0
7136	2910
7137	3500
7138	6230
7139	3930
7140	2020
7141	1940
7142	1790
7143	1660
7144	1560
7145	1570
7146	1600
7147	2680
7148	5550
7149	3750
7150	1890
7151	1890
7152	0
7153	0
7154	0
7155	0
7156	0
7157	0
7158	0
7159	0
7160	3590
7161	4420
7162	7400
7163	3680
7164	1120
7165	840
7166	730
7167	630
7168	600
7169	620
7170	680
7171	1350
7172	3000
7173	1960
7174	930
7175	1050
7176	0
7177	0
7178	0
7179	0
7180	0
7181	0
7182	0
7183	0
7184	2950
7185	3900
7186	7120
7187	3560
7188	980
7189	750
7190	650
7191	570
7192	490
7193	410
7194	440
7195	1300
7196	3880
7197	2790
7198	870
7199	1000
7200	0
7201	0
7202	0
7203	0
7204	0
7205	0
7206	0
7207	0
7208	2990
7209	4320
7210	8660
7211	4900
7212	1790
7213	1430
7214	1110
7215	910
7216	920
7217	990
7218	1040
7219	2120
7220	5000
7221	3340
7222	1480
7223	1510
7224	0
7225	0
7226	0
7227	0
7228	0
7229	0
7230	0
7231	0
7232	3020
7233	4020
7234	7760
7235	4650
7236	1830
7237	1460
7238	1090
7239	700
7240	550
7241	480
7242	520
7243	1560
7244	4310
7245	2910
7246	1130
7247	1240
7248	0
7249	0
7250	0
7251	0
7252	0
7253	0
7254	0
7255	0
7256	1910
7257	2580
7258	5110
7259	3180
7260	1370
7261	1110
7262	950
7263	890
7264	840
7265	810
7266	910
7267	1910
7268	4470
7269	2960
7270	1280
7271	1300
7272	0
7273	0
7274	0
7275	0
7276	0
7277	0
7278	0
7279	0
7280	2940
7281	3750
7282	7110
7283	4040
7284	1300
7285	1070
7286	850
7287	600
7288	500
7289	470
7290	580
7291	1910
7292	5540
7293	3710
7294	1390
7295	1510
7296	0
7297	0
7298	0
7299	0
7300	0
7301	0
7302	0
7303	0
7304	3150
7305	4160
7306	8080
7307	4800
7308	2140
7309	2100
7310	2040
7311	1990
7312	1970
7313	1940
7314	1950
7315	3250
7316	6510
7317	4170
7318	2070
7319	2120
7320	0
7321	0
7322	0
7323	0
7324	0
7325	0
7326	0
7327	0
7328	4000
7329	4890
7330	8850
7331	5230
7332	1940
7333	1670
7334	1610
7335	1590
7336	1410
7337	1180
7338	1480
7339	3230
7340	7480
7341	4780
7342	2030
7343	2010
7344	0
7345	0
7346	0
7347	0
7348	0
7349	0
7350	0
7351	0
7352	3310
7353	3960
7354	7060
7355	4510
7356	2330
7357	2300
7358	2160
7359	2000
7360	1810
7361	1870
7362	2000
7363	3520
7364	7560
7365	5060
7366	2400
7367	2480
7368	0
7369	0
7370	0
7371	0
7372	0
7373	0
7374	0
7375	0
7376	4870
7377	5960
7378	11050
7379	6830
7380	2970
7381	2720
7382	2510
7383	2160
7384	1820
7385	1740
7386	2160
7387	4460
7388	10040
7389	6500
7390	2920
7391	2990
7392	0
7393	0
7394	0
7395	0
7396	0
7397	0
7398	0
7399	10
7400	5890
7401	7450
7402	13690
7403	7450
7404	2510
7405	1970
7406	1720
7407	1430
7408	1240
7409	1160
7410	1510
7411	3900
7412	9810
7413	6150
7414	2430
7415	2600
7416	0
7417	0
7418	0
7419	0
7420	0
7421	0
7422	0
7423	0
7424	5600
7425	7300
7426	13750
7427	8160
7428	3540
7429	3160
7430	2770
7431	2120
7432	1770
7433	1660
7434	2000
7435	4570
7436	10730
7437	6790
7438	2910
7439	2950
7440	0
7441	0
7442	0
7443	0
7444	0
7445	0
7446	0
7447	0
7448	5490
7449	6700
7450	12230
7451	7640
7452	3760
7453	3630
7454	3510
7455	3440
7456	3410
7457	3380
7458	3370
7459	5340
7460	10320
7461	6610
7462	3330
7463	3330
7464	0
7465	0
7466	0
7467	0
7468	0
7469	0
7470	0
7471	0
7472	5620
7473	6330
7474	10760
7475	7020
7476	3730
7477	3510
7478	3310
7479	3140
7480	3000
7481	2950
7482	2990
7483	4620
7484	8680
7485	5760
7486	3100
7487	3090
7488	0
7489	0
7490	0
7491	0
7492	0
7493	0
7494	0
7495	0
7496	4700
7497	5000
7498	7950
7499	5250
7500	2850
7501	2400
7502	2090
7503	1890
7504	1740
7505	1880
7506	2080
7507	3290
7508	6010
7509	4080
7510	2340
7511	2380
7512	0
7513	0
7514	0
7515	0
7516	0
7517	0
7518	0
7519	0
7520	4100
7521	4520
7522	7580
7523	5100
7524	2610
7525	2070
7526	1680
7527	1610
7528	1450
7529	1290
7530	1610
7531	3160
7532	6560
7533	4170
7534	2090
7535	2170
7536	0
7537	0
7538	0
7539	0
7540	0
7541	0
7542	0
7543	0
7544	4480
7545	5350
7546	9520
7547	5980
7548	3050
7549	2920
7550	2820
7551	2760
7552	2720
7553	2690
7554	2700
7555	4280
7556	8390
7557	5570
7558	2890
7559	3010
7560	0
7561	0
7562	0
7563	0
7564	0
7565	0
7566	0
7567	0
7568	5360
7569	6060
7570	10330
7571	6340
7572	2860
7573	2210
7574	1810
7575	1650
7576	1410
7577	1480
7578	1860
7579	3840
7580	8410
7581	5650
7582	2590
7583	2500
7584	0
7585	0
7586	0
7587	0
7588	0
7589	0
7590	0
7591	0
7592	4500
7593	5280
7594	8990
7595	5490
7596	2710
7597	2420
7598	2200
7599	2010
7600	2010
7601	2170
7602	2300
7603	3670
7604	6980
7605	4550
7606	2370
7607	2340
7608	0
7609	0
7610	0
7611	0
7612	0
7613	0
7614	0
7615	0
7616	3900
7617	4240
7618	6970
7619	4690
7620	2700
7621	2560
7622	2460
7623	2410
7624	2370
7625	2330
7626	2350
7627	3390
7628	6090
7629	4210
7630	2370
7631	2360
7632	0
7633	0
7634	0
7635	0
7636	0
7637	0
7638	0
7639	0
7640	4110
7641	4600
7642	7820
7643	5200
7644	2830
7645	2720
7646	2630
7647	2580
7648	2550
7649	2550
7650	2580
7651	3960
7652	7360
7653	4860
7654	2620
7655	2620
7656	0
7657	0
7658	0
7659	0
7660	0
7661	0
7662	0
7663	10
7664	4540
7665	5110
7666	8770
7667	5850
7668	3090
7669	2500
7670	1700
7671	1420
7672	1650
7673	1830
7674	2000
7675	3590
7676	7570
7677	5070
7678	2410
7679	2380
7680	0
7681	0
7682	0
7683	0
7684	0
7685	0
7686	0
7687	0
7688	4560
7689	5610
7690	10120
7691	5650
7692	1940
7693	1480
7694	1260
7695	1040
7696	920
7697	910
7698	1200
7699	3110
7700	7720
7701	4930
7702	2040
7703	2200
7704	0
7705	0
7706	0
7707	0
7708	0
7709	0
7710	0
7711	0
7712	3920
7713	4850
7714	9050
7715	5800
7716	2860
7717	2720
7718	2530
7719	2400
7720	2330
7721	2300
7722	2350
7723	3900
7724	7820
7725	5350
7726	2690
7727	2620
7728	0
7729	0
7730	0
7731	0
7732	0
7733	0
7734	0
7735	0
7736	4790
7737	5650
7738	10100
7739	6080
7740	2460
7741	2240
7742	2330
7743	2350
7744	2380
7745	2370
7746	2460
7747	4070
7748	8110
7749	5310
7750	2620
7751	2670
7752	0
7753	0
7754	0
7755	0
7756	0
7757	0
7758	0
7759	0
7760	5240
7761	6270
7762	10980
7763	6550
7764	2930
7765	2670
7766	2670
7767	2620
7768	2630
7769	2630
7770	2650
7771	4000
7772	7480
7773	5100
7774	2730
7775	2730
7776	0
7777	0
7778	0
7779	0
7780	0
7781	0
7782	0
7783	0
7784	4780
7785	5690
7786	10370
7787	6590
7788	3100
7789	2860
7790	2600
7791	2520
7792	2570
7793	2620
7794	2730
7795	4560
7796	8970
7797	5870
7798	3050
7799	3180
7800	0
7801	0
7802	0
7803	0
7804	0
7805	0
7806	0
7807	0
7808	5690
7809	6540
7810	11360
7811	7020
7812	3590
7813	3390
7814	3130
7815	2710
7816	2430
7817	2510
7818	2770
7819	4550
7820	9300
7821	6290
7822	3090
7823	2990
7824	0
7825	0
7826	0
7827	0
7828	0
7829	0
7830	0
7831	0
7832	4750
7833	5480
7834	9500
7835	5800
7836	2730
7837	2560
7838	2620
7839	2550
7840	2540
7841	2550
7842	2590
7843	3900
7844	7040
7845	4710
7846	2640
7847	2630
7848	0
7849	0
7850	0
7851	0
7852	0
7853	0
7854	0
7855	0
7856	4460
7857	4740
7858	7690
7859	5310
7860	3050
7861	2910
7862	2780
7863	2660
7864	2550
7865	2550
7866	2580
7867	3820
7868	6930
7869	4720
7870	2650
7871	2690
7872	0
7873	0
7874	0
7875	0
7876	0
7877	0
7878	0
7879	0
7880	4550
7881	5040
7882	8550
7883	5630
7884	3070
7885	2890
7886	2670
7887	2580
7888	2590
7889	2590
7890	2610
7891	4320
7892	8740
7893	5890
7894	3000
7895	3040
7896	0
7897	0
7898	0
7899	0
7900	0
7901	0
7902	0
7903	0
7904	5760
7905	6890
7906	12250
7907	7560
7908	3810
7909	3560
7910	3290
7911	2900
7912	2360
7913	2520
7914	2920
7915	5200
7916	10730
7917	6840
7918	3250
7919	3250
7920	0
7921	0
7922	0
7923	0
7924	0
7925	0
7926	0
7927	0
7928	5240
7929	5760
7930	9410
7931	6170
7932	3470
7933	3340
7934	3230
7935	3170
7936	3070
7937	2980
7938	3000
7939	4520
7940	8240
7941	5490
7942	3010
7943	3000
7944	0
7945	0
7946	0
7947	0
7948	0
7949	0
7950	0
7951	0
7952	5130
7953	5680
7954	9610
7955	6420
7956	3360
7957	3030
7958	2910
7959	2820
7960	2750
7961	2770
7962	2910
7963	4710
7964	9070
7965	5970
7966	3090
7967	3080
7968	0
7969	0
7970	0
7971	0
7972	0
7973	0
7974	0
7975	0
7976	5260
7977	5950
7978	10140
7979	6730
7980	3720
7981	3580
7982	3450
7983	3320
7984	3230
7985	3210
7986	3250
7987	4940
7988	9240
7989	6180
7990	3270
7991	3240
7992	0
7993	0
7994	0
7995	0
7996	0
7997	0
7998	0
7999	0
8000	5860
8001	6530
8002	10940
8003	7050
8004	3820
8005	3610
8006	3410
8007	3280
8008	3220
8009	3170
8010	3180
8011	4690
8012	8600
8013	5810
8014	3190
8015	3250
8016	0
8017	0
8018	0
8019	0
8020	0
8021	0
8022	0
8023	0
8024	5330
8025	5890
8026	9730
8027	6460
8028	3480
8029	3050
8030	2670
8031	2220
8032	1900
8033	2140
8034	2400
8035	3860
8036	7400
8037	4900
8038	2570
8039	2570
8040	0
8041	0
8042	0
8043	0
8044	0
8045	0
8046	0
8047	0
8048	5100
8049	6140
8050	10970
8051	6870
8052	3300
8053	2810
8054	2280
8055	1790
8056	1620
8057	2020
8058	2350
8059	4190
8060	8600
8061	5730
8062	2770
8063	2800
8064	0
8065	0
8066	0
8067	0
8068	0
8069	0
8070	0
8071	0
8072	4900
8073	5860
8074	10620
8075	6920
8076	3530
8077	3360
8078	3240
8079	3170
8080	3140
8081	3120
8082	3120
8083	5020
8084	9810
8085	6440
8086	3280
8087	3340
8088	10
8089	0
8090	0
8091	0
8092	0
8093	0
8094	0
8095	0
8096	5540
8097	6180
8098	10420
8099	6880
8100	3830
8101	3660
8102	3530
8103	3430
8104	3380
8105	3360
8106	3360
8107	4980
8108	9080
8109	6030
8110	3280
8111	3260
8112	0
8113	0
8114	0
8115	0
8116	0
8117	0
8118	0
8119	0
8120	5460
8121	6010
8122	10110
8123	6820
8124	3860
8125	3720
8126	3590
8127	3520
8128	3460
8129	3430
8130	3420
8131	5140
8132	9500
8133	6200
8134	3400
8135	3400
8136	0
8137	0
8138	0
8139	0
8140	0
8141	0
8142	0
8143	0
8144	5700
8145	6500
8146	11200
8147	7400
8148	4100
8149	3900
8150	3900
8151	3700
8152	3600
8153	3500
8154	3600
8155	5300
8156	10000
8157	6900
8158	3600
8159	3700
8160	0
8161	0
8162	0
8163	0
8164	0
8165	0
8166	0
8167	0
8168	6700
8169	7700
8170	13500
8171	8400
8172	3600
8173	2900
8174	2300
8175	2100
8176	1900
8177	2200
8178	2700
8179	4900
8180	10600
8181	6800
8182	3200
8183	3100
8184	0
8185	0
8186	0
8187	0
8188	0
8189	0
8190	0
8191	0
8192	6300
8193	7900
8194	14500
8195	9000
8196	3500
8197	2900
8198	2400
8199	2200
8200	1900
8201	2300
8202	2500
8203	5300
8204	11800
8205	7500
8206	3300
8207	3400
8208	0
8209	0
8210	0
8211	0
8212	0
8213	0
8214	0
8215	0
8216	6000
8217	7500
8218	14100
8219	8900
8220	3700
8221	3200
8222	2800
8223	2500
8224	2300
8225	2700
8226	3100
8227	5700
8228	12200
8229	7600
8230	3400
8231	3400
8232	0
8233	0
8234	0
8235	0
8236	0
8237	0
8238	0
8239	0
8240	6500
8241	8000
8242	14700
8243	9300
8244	3900
8245	3300
8246	2900
8247	2500
8248	2500
8249	2700
8250	3100
8251	5800
8252	12300
8253	7900
8254	3500
8255	3600
8256	0
8257	0
8258	0
8259	0
8260	0
8261	0
8262	0
8263	0
8264	6800
8265	8200
8266	15100
8267	9600
8268	4000
8269	3400
8270	2900
8271	2700
8272	2400
8273	2900
8274	3200
8275	5900
8276	12700
8277	8000
8278	3700
8279	3700
8280	0
8281	0
8282	0
8283	0
8284	0
8285	0
8286	0
8287	0
8288	6800
8289	8100
8290	14600
8291	9300
8292	4600
8293	4400
8294	3900
8295	3400
8296	3200
8297	3500
8298	3700
8299	6300
8300	12400
8301	8000
8302	3900
8303	4000
8304	0
8305	0
8306	0
8307	0
8308	0
8309	0
8310	0
8311	0
8312	6900
8313	8100
8314	14200
8315	9100
8316	4800
8317	4400
8318	4200
8319	3900
8320	3800
8321	3900
8322	3900
8323	6100
8324	11600
8325	7700
8326	4000
8327	4000
8328	0
8329	0
8330	0
8331	0
8332	0
8333	0
8334	0
8335	0
8336	6700
8337	7700
8338	13300
8339	8600
8340	4300
8341	3600
8342	3200
8343	2800
8344	2800
8345	3100
8346	3400
8347	5600
8348	11100
8349	7300
8350	3700
8351	3700
8352	0
8353	0
8354	0
8355	0
8356	0
8357	0
8358	0
8359	0
8360	6200
8361	7000
8362	12200
8363	8000
8364	4400
8365	4100
8366	4100
8367	3900
8368	3900
8369	3900
8370	3800
8371	6000
8372	11000
8373	7300
8374	3700
8375	3700
8376	0
8377	0
8378	0
8379	0
8380	0
8381	0
8382	0
8383	0
8384	5800
8385	6300
8386	10100
8387	6900
8388	3900
8389	3700
8390	3300
8391	3300
8392	3300
8393	3300
8394	3400
8395	4900
8396	9000
8397	6000
8398	3200
8399	3300
8400	0
8401	0
8402	0
8403	0
8404	0
8405	0
8406	0
8407	0
8408	5400
8409	6000
8410	10200
8411	6700
8412	3800
8413	3700
8414	3700
8415	3600
8416	3700
8417	3500
8418	3600
8419	5500
8420	10200
8421	6800
8422	3600
8423	3500
8424	0
8425	0
8426	0
8427	0
8428	0
8429	0
8430	0
8431	0
8432	6100
8433	6900
8434	11800
8435	7800
8436	4300
8437	4200
8438	4000
8439	3900
8440	3800
8441	3900
8442	3800
8443	5900
8444	11300
8445	7700
8446	4000
8447	4000
8448	0
8449	0
8450	0
8451	0
8452	0
8453	0
8454	0
8455	0
8456	7000
8457	8000
8458	14000
8459	8800
8460	3800
8461	3000
8462	2400
8463	2200
8464	2000
8465	2500
8466	2800
8467	5400
8468	11600
8469	7400
8470	3500
8471	3400
8472	0
8473	0
8474	0
8475	0
8476	0
8477	0
8478	0
8479	0
8480	6200
8481	7200
8482	12900
8483	8300
8484	4000
8485	3600
8486	3600
8487	3700
8488	3700
8489	3600
8490	3700
8491	5700
8492	10600
8493	6800
8494	3600
8495	3500
8496	0
8497	0
8498	0
8499	0
8500	0
8501	0
8502	0
8503	0
8504	5700
8505	6000
8506	9900
8507	6700
8508	4000
8509	3700
8510	3700
8511	3500
8512	3500
8513	3400
8514	3400
8515	4900
8516	8500
8517	5800
8518	3200
8519	3200
8520	0
8521	0
8522	0
8523	0
8524	0
8525	0
8526	0
8527	0
8528	5200
8529	5600
8530	8700
8531	6000
8532	3600
8533	3400
8534	3300
8535	3300
8536	3100
8537	3100
8538	3100
8539	4000
8540	6900
8541	4600
8542	2700
8543	2700
8544	0
8545	0
8546	0
8547	0
8548	0
8549	0
8550	0
8551	0
8552	4400
8553	4700
8554	7900
8555	5400
8556	3200
8557	3000
8558	2900
8559	2600
8560	2600
8561	2500
8562	2600
8563	3900
8564	7200
8565	4900
8566	2700
8567	2700
8568	0
8569	0
8570	0
8571	0
8572	0
8573	0
8574	0
8575	0
8576	4400
8577	4800
8578	8100
8579	5500
8580	3100
8581	2900
8582	2600
8583	2600
8584	2400
8585	2400
8586	2500
8587	3700
8588	6700
8589	4500
8590	2500
8591	2500
8592	0
8593	0
8594	0
8595	0
8596	0
8597	0
8598	0
8599	0
8600	4300
8601	4900
8602	8300
8603	5500
8604	3000
8605	2900
8606	2800
8607	2600
8608	2600
8609	2600
8610	2700
8611	4100
8612	7800
8613	5200
8614	2800
8615	2700
8616	0
8617	0
8618	0
8619	0
8620	0
8621	0
8622	0
8623	0
8624	4700
8625	5400
8626	9300
8627	6200
8628	3100
8629	3100
8630	3000
8631	3000
8632	3000
8633	2900
8634	2800
8635	4300
8636	7600
8637	5000
8638	2800
8639	2800
8640	0
8641	0
8642	0
8643	0
8644	0
8645	0
8646	0
8647	0
8648	5900
8649	7000
8650	12500
8651	8100
8652	4100
8653	3900
8654	3800
8655	3700
8656	3600
8657	3600
8658	3600
8659	6000
8660	11700
8661	7500
8662	3700
8663	3700
8664	0
8665	0
8666	0
8667	0
8668	0
8669	0
8670	0
8671	0
8672	6400
8673	7400
8674	13000
8675	8500
8676	4400
8677	4100
8678	3800
8679	3600
8680	3700
8681	3800
8682	3800
8683	5900
8684	11300
8685	7300
8686	3700
8687	3700
8688	0
8689	0
8690	0
8691	0
8692	0
8693	0
8694	0
8695	0
8696	6300
8697	7100
8698	12700
8699	8300
8700	3800
8701	3100
8702	2700
8703	2400
8704	2200
8705	2700
8706	2900
8707	5200
8708	10900
8709	7000
8710	3400
8711	3300
8712	0
8713	0
8714	0
8715	0
8716	0
8717	0
8718	0
8719	0
8720	6100
8721	7100
8722	12200
8723	7700
8724	3900
8725	3600
8726	3500
8727	3300
8728	3200
8729	3200
8730	3300
8731	4700
8732	8400
8733	5600
8734	3100
8735	3100
8736	0
8737	0
8738	0
8739	0
8740	0
8741	0
8742	0
8743	0
8744	4700
8745	4800
8746	7800
8747	5300
8748	3000
8749	2800
8750	2600
8751	2500
8752	2500
8753	2400
8754	2600
8755	4200
8756	7900
8757	5200
8758	2700
8759	2700
8760	0
