0	3
1	3
2	3
3	3
4	3
5	3
6	3
7	3
8	3
9	3
10	3
11	3
12	3
13	3
14	3
15	3
16	3
17	3
18	3
19	3
20	3
21	3
22	3
23	3
24	3
25	1902
26	1902
27	1902
28	1902
29	1902
30	1902
31	1902
32	1902
33	1902
34	1902
35	1902
36	1902
37	1902
38	1902
39	1902
40	1902
41	1902
42	1902
43	1902
44	1902
45	1902
46	1902
47	1902
48	1902
49	1916
50	1916
51	1916
52	1916
53	1916
54	1916
55	1916
56	1916
57	1916
58	1916
59	1916
60	1916
61	1916
62	1916
63	1916
64	1916
65	1916
66	1916
67	1916
68	1916
69	1916
70	1916
71	1916
72	1916
73	1916
74	2090
75	2090
76	2090
77	2090
78	2090
79	2090
80	2090
81	2090
82	2090
83	2090
84	2090
85	2090
86	2090
87	2090
88	2090
89	2090
90	2090
91	2090
92	2090
93	2090
94	2090
95	2090
96	2090
97	2090
98	2090
99	2090
100	2090
101	2090
102	2090
103	1906
104	1906
105	1906
106	1906
107	1906
108	1906
109	1906
110	1906
111	1906
112	1906
113	1906
114	1906
115	1906
116	1906
117	1906
118	1906
119	1906
120	1906
121	1906
122	1906
123	1906
124	1906
125	1906
126	1906
127	1906
128	5
129	5
130	5
131	5
132	5
133	5
134	5
135	5
136	5
137	5
138	5
139	5
140	5
141	5
142	5
143	5
144	5
145	5
146	5
147	5
148	5
149	5
150	5
151	5
152	5
153	2151
154	2151
155	2151
156	2151
157	2151
158	2151
159	2151
160	2151
161	2151
162	2151
163	2151
164	2151
165	2151
166	2151
167	2151
168	2151
169	2151
170	2151
171	2151
172	2151
173	2151
174	2151
175	2151
176	2151
177	2151
178	2151
179	2151
180	2151
181	2151
182	2090
183	2090
184	2090
185	2090
186	2090
187	2090
188	2090
189	2090
190	2090
191	2090
192	2090
193	2090
194	2090
195	2090
196	2090
197	2090
198	2090
199	2090
200	2090
201	2090
202	2090
203	2090
204	2090
205	2090
206	1901
207	1901
208	1901
209	1901
210	1901
211	1901
212	1901
213	1901
214	1901
215	1901
216	1901
217	1901
218	1901
219	1901
220	1901
221	1901
222	1901
223	1901
224	1901
225	1901
226	1901
227	1901
228	1901
229	1901
230	1901
231	2160
232	2160
233	2160
234	2160
235	2160
236	2160
237	2160
238	2160
239	2160
240	2160
241	2160
242	2160
243	2160
244	2160
245	2160
246	2160
247	2160
248	2160
249	2160
250	2160
251	2160
252	2160
253	2160
254	2160
255	2160
256	2160
257	2160
258	2160
259	2160
260	2076
261	2076
262	2076
263	2076
264	2076
265	2076
266	2076
267	2076
268	2076
269	2076
270	2076
271	2076
272	2076
273	2076
274	2076
275	2076
276	2076
277	2076
278	2076
279	2076
280	2076
281	2076
282	2076
283	2076
284	2076
285	1900
286	1900
287	1900
288	1900
289	1900
290	1900
291	1900
292	1900
293	1900
294	1900
295	1900
296	1900
297	1900
298	1900
299	1900
300	1900
301	1900
302	1900
303	1900
304	1900
305	1900
306	1900
307	1900
308	1900
309	1900
310	1903
311	1903
312	1903
313	1903
314	1903
315	1903
316	1903
317	1903
318	1903
319	1903
320	1903
321	1903
322	1903
323	1903
324	1903
325	1903
326	1903
327	1903
328	1903
329	1903
330	1903
331	1903
332	1903
333	1903
334	2101
335	2101
336	2101
337	2101
338	2101
339	2101
340	2101
341	2101
342	2101
343	2101
344	2101
345	2101
346	2101
347	2101
348	2101
349	2101
350	2101
351	2101
352	2101
353	2101
354	2101
355	2101
356	2101
357	2101
358	2101
359	2101
360	2101
361	2101
362	2101
363	2122
364	2122
365	2122
366	2122
367	2122
368	2122
369	2122
370	2122
371	2122
372	2122
373	2122
374	2122
375	2122
376	2122
377	2122
378	2122
379	2122
380	2122
381	2122
382	2122
383	2122
384	2122
385	2122
386	2122
387	2122
388	1900
389	1900
390	1900
391	1900
392	1900
393	1900
394	1900
395	1900
396	1900
397	1900
398	1900
399	1900
400	1900
401	1900
402	1900
403	1900
404	1900
405	1900
406	1900
407	1900
408	1900
409	1900
410	1900
411	1900
412	1900
413	1905
414	1905
415	1905
416	1905
417	1905
418	1905
419	1905
420	1905
421	1905
422	1905
423	1905
424	1905
425	1905
426	1905
427	1905
428	1905
429	1905
430	1905
431	1905
432	1905
433	1905
434	1905
435	1905
436	1905
437	1905
438	1905
439	1905
440	1905
441	1905
442	2107
443	2107
444	2107
445	2107
446	2107
447	2107
448	2107
449	2107
450	2107
451	2107
452	2107
453	2107
454	2107
455	2107
456	2107
457	2107
458	2107
459	2107
460	2107
461	2107
462	2107
463	2107
464	2107
465	2107
466	2100
467	2100
468	2100
469	2100
470	2100
471	2100
472	2100
473	2100
474	2100
475	2100
476	2100
477	2100
478	2100
479	2100
480	2100
481	2100
482	2100
483	2100
484	2100
485	2100
486	2100
487	2100
488	2100
489	2100
490	2100
491	1918
492	1918
493	1918
494	1918
495	1918
496	1918
497	1918
498	1918
499	1918
500	1918
501	1918
502	1918
503	1918
504	1918
505	1918
506	1918
507	1918
508	1918
509	1918
510	1918
511	1918
512	1918
513	1918
514	1918
515	1918
516	1918
517	1918
518	1918
519	1918
520	2108
521	2108
522	2108
523	2108
524	2108
525	2108
526	2108
527	2108
528	2108
529	2108
530	2108
531	2108
532	2108
533	2108
534	2108
535	2108
536	2108
537	2108
538	2108
539	2108
540	2108
541	2108
542	2108
543	2108
544	2108
545	2103
546	2103
547	2103
548	2103
549	2103
550	2103
551	2103
552	2103
553	2103
554	2103
555	2103
556	2103
557	2103
558	2103
559	2103
560	2103
561	2103
562	2103
563	2103
564	2103
565	2103
566	2103
567	2103
568	2103
569	2103
570	1908
571	1908
572	1908
573	1908
574	1908
575	1908
576	1908
577	1908
578	1908
579	1908
580	1908
581	1908
582	1908
583	1908
584	1908
585	1908
586	1908
587	1908
588	1908
589	1908
590	1908
591	1908
592	1908
593	1908
594	2103
595	2103
596	2103
597	2103
598	2103
599	2103
600	2103
601	2103
602	2103
603	2103
604	2103
605	2103
606	2103
607	2103
608	2103
609	2103
610	2103
611	2103
612	2103
613	2103
614	2103
615	2103
616	2103
617	2103
618	2103
619	2103
620	2103
621	2103
622	2103
623	2093
624	2093
625	2093
626	2093
627	2093
628	2093
629	2093
630	2093
631	2093
632	2093
633	2093
634	2093
635	2093
636	2093
637	2093
638	2093
639	2093
640	2093
641	2093
642	2093
643	2093
644	2093
645	2093
646	2093
647	2093
648	2118
649	2118
650	2118
651	2118
652	2118
653	2118
654	2118
655	2118
656	2118
657	2118
658	2118
659	2118
660	2118
661	2118
662	2118
663	2118
664	2118
665	2118
666	2118
667	2118
668	2118
669	2118
670	2118
671	2118
672	2118
673	2114
674	2114
675	2114
676	2114
677	2114
678	2114
679	2114
680	2114
681	2114
682	2114
683	2114
684	2114
685	2114
686	2114
687	2114
688	2114
689	2114
690	2114
691	2114
692	2114
693	2114
694	2114
695	2114
696	2114
697	2114
698	2114
699	2114
700	2114
701	2114
702	2106
703	2106
704	2106
705	2106
706	2106
707	2106
708	2106
709	2106
710	2106
711	2106
712	2106
713	2106
714	2106
715	2106
716	2106
717	2106
718	2106
719	2106
720	2106
721	2106
722	2106
723	2106
724	2106
725	2106
726	2106
727	2101
728	2101
729	2101
730	2101
731	2101
732	2101
733	2101
734	2101
735	2101
736	2101
737	2101
738	2101
739	2101
740	2101
741	2101
742	2101
743	2101
744	2101
745	2101
746	2101
747	2101
748	2101
749	2101
750	2101
751	2103
752	2103
753	2103
754	2103
755	2103
756	2103
757	2103
758	2103
759	2103
760	2103
761	2103
762	2103
763	2103
764	2103
765	2103
766	2103
767	2103
768	2103
769	2103
770	2103
771	2103
772	2103
773	2103
774	2103
775	2103
776	2103
777	2103
778	2103
779	2103
780	1911
781	1911
782	1911
783	1911
784	1911
785	1911
786	1911
787	1911
788	1911
789	1911
790	1911
791	1911
792	1911
793	1911
794	1911
795	1911
796	1911
797	1911
798	1911
799	1911
800	1911
801	1911
802	1911
803	1911
804	1911
805	2103
806	2103
807	2103
808	2103
809	2103
810	2103
811	2103
812	2103
813	2103
814	2103
815	2103
816	2103
817	2103
818	2103
819	2103
820	2103
821	2103
822	2103
823	2103
824	2103
825	2103
826	2103
827	2103
828	2103
829	2103
830	2093
831	2093
832	2093
833	2093
834	2093
835	2093
836	2093
837	2093
838	2093
839	2093
840	2093
841	2093
842	2093
843	2093
844	2093
845	2093
846	2093
847	2093
848	2093
849	2093
850	2093
851	2093
852	2093
853	2093
854	2093
855	2104
856	2104
857	2104
858	2104
859	2104
860	2104
861	2104
862	2104
863	2104
864	2104
865	2104
866	2104
867	2104
868	2104
869	2104
870	2104
871	2104
872	2104
873	2104
874	2104
875	2104
876	2104
877	2104
878	2104
879	2104
880	2104
881	2104
882	2104
883	2091
884	2091
885	2091
886	2091
887	2091
888	2091
889	2091
890	2091
891	2091
892	2091
893	2091
894	2091
895	2091
896	2091
897	2091
898	2091
899	2091
900	2091
901	2091
902	2091
903	2091
904	2091
905	2091
906	2091
907	2091
908	2096
909	2096
910	2096
911	2096
912	2096
913	2096
914	2096
915	2096
916	2096
917	2096
918	2096
919	2096
920	2096
921	2096
922	2096
923	2096
924	2096
925	2096
926	2096
927	2096
928	2096
929	2096
930	2096
931	2096
932	2096
933	2105
934	2105
935	2105
936	2105
937	2105
938	2105
939	2105
940	2105
941	2105
942	2105
943	2105
944	2105
945	2105
946	2105
947	2105
948	2105
949	2105
950	2105
951	2105
952	2105
953	2105
954	2105
955	2105
956	2105
957	2105
958	2105
959	2105
960	2105
961	2105
962	2094
963	2094
964	2094
965	2094
966	2094
967	2094
968	2094
969	2094
970	2094
971	2094
972	2094
973	2094
974	2094
975	2094
976	2094
977	2094
978	2094
979	2094
980	2094
981	2094
982	2094
983	2094
984	2094
985	2094
986	2094
987	2101
988	2101
989	2101
990	2101
991	2101
992	2101
993	2101
994	2101
995	2101
996	2101
997	2101
998	2101
999	2101
1000	2101
1001	2101
1002	2101
1003	2101
1004	2101
1005	2101
1006	2101
1007	2101
1008	2101
1009	2101
1010	2101
1011	2105
1012	2105
1013	2105
1014	2105
1015	2105
1016	2105
1017	2105
1018	2105
1019	2105
1020	2105
1021	2105
1022	2105
1023	2105
1024	2105
1025	2105
1026	2105
1027	2105
1028	2105
1029	2105
1030	2105
1031	2105
1032	2105
1033	2105
1034	2105
1035	2105
1036	2105
1037	2105
1038	2105
1039	2105
1040	2108
1041	2108
1042	2108
1043	2108
1044	2108
1045	2108
1046	2108
1047	2108
1048	2108
1049	2108
1050	2108
1051	2108
1052	2108
1053	2108
1054	2108
1055	2108
1056	2108
1057	2108
1058	2108
1059	2108
1060	2108
1061	2108
1062	2108
1063	2108
1064	2108
1065	2098
1066	2098
1067	2098
1068	2098
1069	2098
1070	2098
1071	2098
1072	2098
1073	2098
1074	2098
1075	2098
1076	2098
1077	2098
1078	2098
1079	2098
1080	2098
1081	2098
1082	2098
1083	2098
1084	2098
1085	2098
1086	2098
1087	2098
1088	2098
1089	2098
1090	2116
1091	2116
1092	2116
1093	2116
1094	2116
1095	2116
1096	2116
1097	2116
1098	2116
1099	2116
1100	2116
1101	2116
1102	2116
1103	2116
1104	2116
1105	2116
1106	2116
1107	2116
1108	2116
1109	2116
1110	2116
1111	2116
1112	2116
1113	2116
1114	2116
1115	2112
1116	2112
1117	2112
1118	2112
1119	2112
1120	2112
1121	2112
1122	2112
1123	2112
1124	2112
1125	2112
1126	2112
1127	2112
1128	2112
1129	2112
1130	2112
1131	2112
1132	2112
1133	2112
1134	2112
1135	2112
1136	2112
1137	2112
1138	2112
1139	2112
1140	2112
1141	2112
1142	2112
1143	2112
1144	2107
1145	2107
1146	2107
1147	2107
1148	2107
1149	2107
1150	2107
1151	2107
1152	2107
1153	2107
1154	2107
1155	2107
1156	2107
1157	2107
1158	2107
1159	2107
1160	2107
1161	2107
1162	2107
1163	2107
1164	2107
1165	2107
1166	2107
1167	2107
1168	2107
1169	2107
1170	2107
1171	2107
1172	2107
1173	2107
1174	2107
1175	2107
1176	2107
1177	2107
1178	2107
1179	2107
1180	2107
1181	2107
1182	2107
1183	2107
1184	2107
1185	2107
1186	2107
1187	2107
1188	2107
1189	2107
1190	2107
1191	2107
1192	2107
1193	2088
1194	2088
1195	2088
1196	2088
1197	2088
1198	2088
1199	2088
1200	2088
1201	2088
1202	2088
1203	2088
1204	2088
1205	2088
1206	2088
1207	2088
1208	2088
1209	2088
1210	2088
1211	2088
1212	2088
1213	2088
1214	2088
1215	2088
1216	2088
1217	2088
1218	2088
1219	2088
1220	2088
1221	2088
1222	2090
1223	2090
1224	2090
1225	2090
1226	2090
1227	2090
1228	2090
1229	2090
1230	2090
1231	2090
1232	2090
1233	2090
1234	2090
1235	2090
1236	2090
1237	2090
1238	2090
1239	2090
1240	2090
1241	2090
1242	2090
1243	2090
1244	2090
1245	2090
1246	2090
1247	2087
1248	2087
1249	2087
1250	2087
1251	2087
1252	2087
1253	2087
1254	2087
1255	2087
1256	2087
1257	2087
1258	2087
1259	2087
1260	2087
1261	2087
1262	2087
1263	2087
1264	2087
1265	2087
1266	2087
1267	2087
1268	2087
1269	2087
1270	2087
1271	2087
1272	2084
1273	2084
1274	2084
1275	2084
1276	2084
1277	2084
1278	2084
1279	2084
1280	2084
1281	2084
1282	2084
1283	2084
1284	2084
1285	2084
1286	2084
1287	2084
1288	2084
1289	2084
1290	2084
1291	2084
1292	2084
1293	2084
1294	2084
1295	2084
1296	2084
1297	2084
1298	2084
1299	2084
1300	2084
1301	2086
1302	2086
1303	2086
1304	2086
1305	2086
1306	2086
1307	2086
1308	2086
1309	2086
1310	2086
1311	2086
1312	2086
1313	2086
1314	2086
1315	2086
1316	2086
1317	2086
1318	2086
1319	2086
1320	2086
1321	2086
1322	2086
1323	2086
1324	2086
1325	2110
1326	2110
1327	2110
1328	2110
1329	2110
1330	2110
1331	2110
1332	2110
1333	2110
1334	2110
1335	2110
1336	2110
1337	2110
1338	2110
1339	2110
1340	2110
1341	2110
1342	2110
1343	2110
1344	2110
1345	2110
1346	2110
1347	2110
1348	2110
1349	2110
1350	2126
1351	2126
1352	2126
1353	2126
1354	2126
1355	2126
1356	2126
1357	2126
1358	2126
1359	2126
1360	2126
1361	2126
1362	2126
1363	2126
1364	2126
1365	2126
1366	2126
1367	2126
1368	2126
1369	2126
1370	2126
1371	2126
1372	2126
1373	2126
1374	2126
1375	2110
1376	2110
1377	2110
1378	2110
1379	2110
1380	2110
1381	2110
1382	2110
1383	2110
1384	2110
1385	2110
1386	2110
1387	2110
1388	2110
1389	2110
1390	2110
1391	2110
1392	2110
1393	2110
1394	2110
1395	2110
1396	2110
1397	2110
1398	2110
1399	2110
1400	2110
1401	2110
1402	2110
1403	2110
1404	2100
1405	2100
1406	2100
1407	2100
1408	2100
1409	2100
1410	2100
1411	2100
1412	2100
1413	2100
1414	2100
1415	2100
1416	2100
1417	2100
1418	2100
1419	2100
1420	2100
1421	2100
1422	2100
1423	2100
1424	2100
1425	2100
1426	2100
1427	2100
1428	2107
1429	2107
1430	2107
1431	2107
1432	2107
1433	2107
1434	2107
1435	2107
1436	2107
1437	2107
1438	2107
1439	2107
1440	2107
1441	2107
1442	2107
1443	2107
1444	2107
1445	2107
1446	2107
1447	2107
1448	2107
1449	2107
1450	2107
1451	2107
1452	2107
1453	1924
1454	1924
1455	1924
1456	1924
1457	1924
1458	1924
1459	1924
1460	1924
1461	1924
1462	1924
1463	1924
1464	1924
1465	1924
1466	1924
1467	1924
1468	1924
1469	1924
1470	1924
1471	1924
1472	1924
1473	1924
1474	1924
1475	1924
1476	1924
1477	1924
1478	1924
1479	1924
1480	1924
1481	1924
1482	2094
1483	2094
1484	2094
1485	2094
1486	2094
1487	2094
1488	2094
1489	2094
1490	2094
1491	2094
1492	2094
1493	2094
1494	2094
1495	2094
1496	2094
1497	2094
1498	2094
1499	2094
1500	2094
1501	2094
1502	2094
1503	2094
1504	2094
1505	2094
1506	2094
1507	194
1508	194
1509	194
1510	194
1511	194
1512	194
1513	194
1514	194
1515	194
1516	194
1517	194
1518	194
1519	194
1520	194
1521	194
1522	194
1523	194
1524	194
1525	194
1526	194
1527	194
1528	194
1529	194
1530	194
1531	194
1532	136
1533	136
1534	136
1535	136
1536	136
1537	136
1538	136
1539	136
1540	136
1541	136
1542	136
1543	136
1544	136
1545	136
1546	136
1547	136
1548	136
1549	136
1550	136
1551	136
1552	136
1553	136
1554	136
1555	136
1556	136
1557	136
1558	136
1559	136
1560	196
1561	196
1562	196
1563	196
1564	196
1565	196
1566	196
1567	196
1568	196
1569	196
1570	196
1571	196
1572	196
1573	196
1574	196
1575	196
1576	196
1577	196
1578	196
1579	196
1580	196
1581	196
1582	196
1583	196
1584	196
1585	191
1586	191
1587	191
1588	191
1589	191
1590	191
1591	191
1592	191
1593	191
1594	191
1595	191
1596	191
1597	191
1598	191
1599	191
1600	191
1601	191
1602	191
1603	191
1604	191
1605	191
1606	191
1607	191
1608	191
1609	191
1610	198
1611	198
1612	198
1613	198
1614	198
1615	198
1616	198
1617	198
1618	198
1619	198
1620	198
1621	198
1622	198
1623	198
1624	198
1625	198
1626	198
1627	198
1628	198
1629	198
1630	198
1631	198
1632	198
1633	198
1634	198
1635	3
1636	3
1637	3
1638	3
1639	3
1640	3
1641	3
1642	3
1643	3
1644	3
1645	3
1646	3
1647	3
1648	3
1649	3
1650	3
1651	3
1652	3
1653	3
1654	3
1655	3
1656	3
1657	3
1658	3
1659	3
1660	3
1661	3
1662	3
1663	3
1664	199
1665	199
1666	199
1667	199
1668	199
1669	199
1670	199
1671	199
1672	199
1673	199
1674	199
1675	199
1676	199
1677	199
1678	199
1679	199
1680	199
1681	199
1682	199
1683	199
1684	199
1685	199
1686	199
1687	199
1688	202
1689	202
1690	202
1691	202
1692	202
1693	202
1694	202
1695	202
1696	202
1697	202
1698	202
1699	202
1700	202
1701	202
1702	202
1703	202
1704	202
1705	202
1706	202
1707	202
1708	202
1709	202
1710	202
1711	202
1712	202
1713	61
1714	61
1715	61
1716	61
1717	61
1718	61
1719	61
1720	61
1721	61
1722	61
1723	61
1724	61
1725	61
1726	61
1727	61
1728	61
1729	61
1730	61
1731	61
1732	61
1733	61
1734	61
1735	61
1736	61
1737	61
1738	61
1739	61
1740	61
1741	61
1742	3
1743	3
1744	3
1745	3
1746	3
1747	3
1748	3
1749	3
1750	3
1751	3
1752	3
1753	3
1754	3
1755	3
1756	3
1757	3
1758	3
1759	3
1760	3
1761	3
1762	3
1763	3
1764	3
1765	3
1766	3
1767	188
1768	188
1769	188
1770	188
1771	188
1772	188
1773	188
1774	188
1775	188
1776	188
1777	188
1778	188
1779	188
1780	188
1781	188
1782	188
1783	188
1784	188
1785	188
1786	188
1787	188
1788	188
1789	188
1790	188
1791	188
1792	179
1793	179
1794	179
1795	179
1796	179
1797	179
1798	179
1799	179
1800	179
1801	179
1802	179
1803	179
1804	179
1805	179
1806	179
1807	179
1808	179
1809	179
1810	179
1811	179
1812	179
1813	179
1814	179
1815	179
1816	179
1817	179
1818	179
1819	179
1820	3
1821	3
1822	3
1823	3
1824	3
1825	3
1826	3
1827	3
1828	3
1829	3
1830	3
1831	3
1832	3
1833	3
1834	3
1835	3
1836	3
1837	3
1838	3
1839	3
1840	3
1841	3
1842	3
1843	3
1844	3
1845	183
1846	183
1847	183
1848	183
1849	183
1850	183
1851	183
1852	183
1853	183
1854	183
1855	183
1856	183
1857	183
1858	183
1859	183
1860	183
1861	183
1862	183
1863	183
1864	183
1865	183
1866	183
1867	183
1868	183
1869	183
1870	187
1871	187
1872	187
1873	187
1874	187
1875	187
1876	187
1877	187
1878	187
1879	187
1880	187
1881	187
1882	187
1883	187
1884	187
1885	187
1886	187
1887	187
1888	187
1889	187
1890	187
1891	187
1892	187
1893	187
1894	187
1895	187
1896	187
1897	187
1898	187
1899	187
1900	187
1901	187
1902	187
1903	187
1904	187
1905	187
1906	187
1907	187
1908	187
1909	187
1910	187
1911	187
1912	187
1913	187
1914	187
1915	187
1916	187
1917	187
1918	187
1919	187
1920	187
1921	187
1922	187
1923	187
1924	3
1925	3
1926	3
1927	3
1928	3
1929	3
1930	3
1931	3
1932	3
1933	3
1934	3
1935	3
1936	3
1937	3
1938	3
1939	3
1940	3
1941	3
1942	3
1943	3
1944	3
1945	3
1946	3
1947	3
1948	3
1949	184
1950	184
1951	184
1952	184
1953	184
1954	184
1955	184
1956	184
1957	184
1958	184
1959	184
1960	184
1961	184
1962	184
1963	184
1964	184
1965	184
1966	184
1967	184
1968	184
1969	184
1970	184
1971	184
1972	184
1973	190
1974	190
1975	190
1976	190
1977	190
1978	190
1979	190
1980	190
1981	190
1982	190
1983	190
1984	190
1985	190
1986	190
1987	190
1988	190
1989	190
1990	190
1991	190
1992	190
1993	190
1994	190
1995	190
1996	190
1997	190
1998	190
1999	190
2000	190
2001	190
2002	3
2003	3
2004	3
2005	3
2006	3
2007	3
2008	3
2009	3
2010	3
2011	3
2012	3
2013	3
2014	3
2015	3
2016	3
2017	3
2018	3
2019	3
2020	3
2021	3
2022	3
2023	3
2024	3
2025	3
2026	3
2027	3
2028	3
2029	3
2030	3
2031	3
2032	3
2033	3
2034	3
2035	3
2036	3
2037	3
2038	3
2039	3
2040	3
2041	3
2042	3
2043	3
2044	3
2045	3
2046	3
2047	3
2048	3
2049	3
2050	3
2051	3
2052	3
2053	3
2054	3
2055	3
2056	3
2057	3
2058	3
2059	3
2060	3
2061	3
2062	3
2063	3
2064	3
2065	3
2066	3
2067	3
2068	3
2069	3
2070	3
2071	3
2072	3
2073	3
2074	3
2075	3
2076	3
2077	3
2078	3
2079	3
2080	182
2081	178
2082	178
2083	178
2084	178
2085	178
2086	178
2087	178
2088	178
2089	178
2090	178
2091	178
2092	178
2093	178
2094	178
2095	178
2096	178
2097	178
2098	178
2099	178
2100	178
2101	178
2102	178
2103	178
2104	178
2105	178
2106	3
2107	3
2108	3
2109	3
2110	3
2111	3
2112	3
2113	3
2114	3
2115	3
2116	3
2117	3
2118	3
2119	3
2120	3
2121	3
2122	3
2123	3
2124	3
2125	3
2126	3
2127	3
2128	3
2129	3
2130	170
2131	170
2132	170
2133	170
2134	170
2135	170
2136	170
2137	170
2138	170
2139	170
2140	170
2141	170
2142	170
2143	170
2144	170
2145	170
2146	170
2147	170
2148	170
2149	170
2150	170
2151	170
2152	170
2153	170
2154	170
2155	179
2156	179
2157	179
2158	179
2159	179
2160	179
2161	179
2162	179
2163	179
2164	179
2165	179
2166	179
2167	179
2168	179
2169	179
2170	179
2171	179
2172	179
2173	179
2174	179
2175	179
2176	179
2177	179
2178	179
2179	179
2180	179
2181	179
2182	179
2183	179
2184	3
2185	3
2186	3
2187	3
2188	3
2189	3
2190	3
2191	3
2192	3
2193	3
2194	3
2195	3
2196	3
2197	3
2198	3
2199	3
2200	3
2201	3
2202	3
2203	3
2204	3
2205	3
2206	3
2207	3
2208	3
2209	3
2210	3
2211	3
2212	3
2213	3
2214	3
2215	3
2216	3
2217	3
2218	3
2219	3
2220	3
2221	3
2222	3
2223	3
2224	3
2225	3
2226	3
2227	3
2228	3
2229	3
2230	3
2231	3
2232	3
2233	3
2234	3
2235	3
2236	3
2237	3
2238	3
2239	3
2240	3
2241	3
2242	3
2243	3
2244	3
2245	3
2246	3
2247	3
2248	3
2249	3
2250	3
2251	3
2252	3
2253	3
2254	3
2255	3
2256	3
2257	3
2258	3
2259	3
2260	3
2261	201
2262	164
2263	164
2264	164
2265	164
2266	164
2267	164
2268	164
2269	164
2270	164
2271	164
2272	164
2273	164
2274	164
2275	164
2276	164
2277	164
2278	164
2279	164
2280	164
2281	164
2282	164
2283	164
2284	164
2285	164
2286	164
2287	3
2288	3
2289	3
2290	3
2291	3
2292	3
2293	3
2294	3
2295	3
2296	3
2297	3
2298	3
2299	3
2300	3
2301	3
2302	3
2303	3
2304	3
2305	3
2306	3
2307	3
2308	3
2309	3
2310	3
2311	3
2312	3
2313	3
2314	3
2315	3
2316	3
2317	3
2318	3
2319	3
2320	3
2321	3
2322	3
2323	3
2324	3
2325	3
2326	3
2327	3
2328	3
2329	3
2330	3
2331	3
2332	3
2333	3
2334	3
2335	3
2336	3
2337	3
2338	3
2339	3
2340	3
2341	3
2342	3
2343	3
2344	3
2345	3
2346	3
2347	3
2348	3
2349	3
2350	3
2351	3
2352	3
2353	3
2354	3
2355	3
2356	3
2357	3
2358	3
2359	3
2360	3
2361	3
2362	3
2363	3
2364	3
2365	161
2366	3
2367	3
2368	3
2369	3
2370	3
2371	3
2372	3
2373	3
2374	3
2375	3
2376	3
2377	3
2378	3
2379	3
2380	3
2381	3
2382	3
2383	3
2384	3
2385	3
2386	3
2387	3
2388	3
2389	3
2390	3
2391	3
2392	3
2393	3
2394	3
2395	3
2396	3
2397	3
2398	3
2399	3
2400	3
2401	3
2402	3
2403	3
2404	3
2405	3
2406	3
2407	3
2408	3
2409	3
2410	3
2411	3
2412	3
2413	3
2414	3
2415	3
2416	3
2417	3
2418	3
2419	3
2420	3
2421	3
2422	3
2423	3
2424	3
2425	3
2426	3
2427	3
2428	3
2429	3
2430	3
2431	3
2432	3
2433	3
2434	3
2435	3
2436	3
2437	3
2438	3
2439	3
2440	3
2441	3
2442	3
2443	110
2444	159
2445	159
2446	159
2447	159
2448	159
2449	159
2450	159
2451	159
2452	159
2453	159
2454	159
2455	159
2456	159
2457	159
2458	159
2459	159
2460	159
2461	159
2462	159
2463	159
2464	159
2465	159
2466	159
2467	159
2468	159
2469	3
2470	3
2471	3
2472	3
2473	3
2474	3
2475	3
2476	3
2477	3
2478	3
2479	3
2480	3
2481	3
2482	3
2483	3
2484	3
2485	3
2486	3
2487	3
2488	3
2489	3
2490	3
2491	3
2492	3
2493	3
2494	256
2495	256
2496	256
2497	256
2498	256
2499	256
2500	256
2501	256
2502	256
2503	256
2504	256
2505	256
2506	256
2507	256
2508	256
2509	256
2510	256
2511	256
2512	256
2513	256
2514	256
2515	256
2516	256
2517	256
2518	256
2519	256
2520	256
2521	256
2522	163
2523	163
2524	163
2525	163
2526	163
2527	163
2528	163
2529	163
2530	163
2531	163
2532	163
2533	163
2534	163
2535	163
2536	163
2537	163
2538	163
2539	163
2540	163
2541	163
2542	163
2543	163
2544	163
2545	163
2546	163
2547	3
2548	3
2549	3
2550	3
2551	3
2552	3
2553	3
2554	3
2555	3
2556	3
2557	3
2558	3
2559	3
2560	3
2561	3
2562	3
2563	3
2564	3
2565	3
2566	3
2567	3
2568	3
2569	3
2570	3
2571	3
2572	3
2573	3
2574	3
2575	3
2576	3
2577	3
2578	3
2579	3
2580	3
2581	3
2582	3
2583	3
2584	3
2585	3
2586	3
2587	3
2588	3
2589	3
2590	3
2591	3
2592	3
2593	3
2594	3
2595	3
2596	3
2597	3
2598	3
2599	3
2600	3
2601	3
2602	3
2603	3
2604	3
2605	3
2606	3
2607	3
2608	3
2609	3
2610	3
2611	3
2612	3
2613	3
2614	3
2615	3
2616	3
2617	3
2618	3
2619	3
2620	3
2621	3
2622	3
2623	3
2624	3
2625	175
2626	96
2627	96
2628	96
2629	96
2630	96
2631	96
2632	96
2633	96
2634	96
2635	96
2636	96
2637	96
2638	96
2639	96
2640	96
2641	96
2642	96
2643	96
2644	96
2645	96
2646	96
2647	96
2648	96
2649	96
2650	96
2651	3
2652	3
2653	3
2654	3
2655	3
2656	3
2657	3
2658	3
2659	3
2660	3
2661	3
2662	3
2663	3
2664	3
2665	3
2666	3
2667	3
2668	3
2669	3
2670	3
2671	3
2672	3
2673	3
2674	3
2675	6
2676	6
2677	6
2678	6
2679	6
2680	6
2681	6
2682	6
2683	6
2684	6
2685	6
2686	6
2687	6
2688	6
2689	6
2690	6
2691	6
2692	6
2693	6
2694	6
2695	6
2696	6
2697	6
2698	6
2699	6
2700	6
2701	6
2702	6
2703	6
2704	189
2705	189
2706	189
2707	189
2708	189
2709	189
2710	189
2711	189
2712	189
2713	189
2714	189
2715	189
2716	189
2717	189
2718	189
2719	189
2720	189
2721	189
2722	189
2723	189
2724	189
2725	189
2726	189
2727	189
2728	189
2729	3
2730	3
2731	3
2732	3
2733	3
2734	3
2735	3
2736	3
2737	3
2738	3
2739	3
2740	3
2741	3
2742	3
2743	3
2744	3
2745	3
2746	3
2747	3
2748	3
2749	3
2750	3
2751	3
2752	3
2753	3
2754	52
2755	52
2756	52
2757	52
2758	52
2759	52
2760	52
2761	52
2762	52
2763	52
2764	52
2765	52
2766	52
2767	52
2768	52
2769	52
2770	52
2771	52
2772	52
2773	52
2774	52
2775	52
2776	52
2777	52
2778	52
2779	52
2780	52
2781	52
2782	52
2783	185
2784	185
2785	185
2786	185
2787	185
2788	185
2789	185
2790	185
2791	185
2792	185
2793	185
2794	185
2795	185
2796	185
2797	185
2798	185
2799	185
2800	185
2801	185
2802	185
2803	185
2804	185
2805	185
2806	185
2807	181
2808	181
2809	181
2810	181
2811	181
2812	181
2813	181
2814	181
2815	181
2816	181
2817	181
2818	181
2819	181
2820	181
2821	181
2822	181
2823	181
2824	181
2825	181
2826	181
2827	181
2828	181
2829	181
2830	181
2831	181
2832	3
2833	3
2834	3
2835	3
2836	3
2837	3
2838	3
2839	3
2840	3
2841	3
2842	3
2843	3
2844	3
2845	3
2846	3
2847	3
2848	3
2849	3
2850	3
2851	3
2852	3
2853	3
2854	3
2855	3
2856	3
2857	3
2858	3
2859	3
2860	3
2861	211
2862	211
2863	211
2864	211
2865	211
2866	211
2867	211
2868	211
2869	211
2870	211
2871	211
2872	211
2873	211
2874	211
2875	211
2876	211
2877	211
2878	211
2879	211
2880	211
2881	211
2882	211
2883	211
2884	211
2885	211
2886	183
2887	183
2888	183
2889	183
2890	183
2891	183
2892	183
2893	183
2894	183
2895	183
2896	183
2897	183
2898	183
2899	183
2900	183
2901	183
2902	183
2903	183
2904	183
2905	183
2906	183
2907	183
2908	183
2909	183
2910	183
2911	3
2912	3
2913	3
2914	3
2915	3
2916	3
2917	3
2918	3
2919	3
2920	3
2921	3
2922	3
2923	3
2924	3
2925	3
2926	3
2927	3
2928	3
2929	3
2930	3
2931	3
2932	3
2933	3
2934	3
2935	3
2936	3
2937	3
2938	3
2939	3
2940	3
2941	3
2942	3
2943	3
2944	3
2945	3
2946	3
2947	3
2948	3
2949	3
2950	3
2951	3
2952	3
2953	3
2954	3
2955	3
2956	3
2957	3
2958	3
2959	3
2960	3
2961	3
2962	3
2963	3
2964	3
2965	3
2966	3
2967	3
2968	3
2969	3
2970	3
2971	3
2972	3
2973	3
2974	3
2975	3
2976	3
2977	3
2978	3
2979	3
2980	3
2981	3
2982	3
2983	3
2984	3
2985	3
2986	3
2987	3
2988	166
2989	180
2990	180
2991	180
2992	180
2993	180
2994	180
2995	180
2996	180
2997	180
2998	180
2999	180
3000	180
3001	180
3002	180
3003	180
3004	180
3005	180
3006	180
3007	180
3008	180
3009	180
3010	180
3011	180
3012	180
3013	180
3014	190
3015	190
3016	190
3017	190
3018	190
3019	190
3020	190
3021	190
3022	190
3023	190
3024	190
3025	190
3026	190
3027	190
3028	190
3029	190
3030	190
3031	190
3032	190
3033	190
3034	190
3035	190
3036	190
3037	190
3038	190
3039	190
3040	190
3041	190
3042	190
3043	141
3044	141
3045	141
3046	141
3047	141
3048	141
3049	141
3050	141
3051	141
3052	141
3053	141
3054	141
3055	141
3056	141
3057	141
3058	141
3059	141
3060	141
3061	141
3062	141
3063	141
3064	141
3065	141
3066	141
3067	141
3068	164
3069	164
3070	164
3071	164
3072	164
3073	164
3074	164
3075	164
3076	164
3077	164
3078	164
3079	164
3080	164
3081	164
3082	164
3083	164
3084	164
3085	164
3086	164
3087	164
3088	164
3089	164
3090	164
3091	164
3092	199
3093	199
3094	199
3095	199
3096	199
3097	199
3098	199
3099	199
3100	199
3101	199
3102	199
3103	199
3104	199
3105	199
3106	199
3107	199
3108	199
3109	199
3110	199
3111	199
3112	199
3113	199
3114	199
3115	199
3116	199
3117	199
3118	199
3119	199
3120	199
3121	159
3122	159
3123	159
3124	159
3125	159
3126	159
3127	159
3128	159
3129	159
3130	159
3131	159
3132	159
3133	159
3134	159
3135	159
3136	159
3137	159
3138	159
3139	159
3140	159
3141	159
3142	159
3143	159
3144	159
3145	159
3146	170
3147	170
3148	170
3149	170
3150	170
3151	170
3152	170
3153	170
3154	170
3155	170
3156	170
3157	170
3158	170
3159	170
3160	170
3161	170
3162	170
3163	170
3164	170
3165	170
3166	170
3167	170
3168	170
3169	170
3170	170
3171	186
3172	186
3173	186
3174	186
3175	186
3176	186
3177	186
3178	186
3179	186
3180	186
3181	186
3182	186
3183	186
3184	186
3185	186
3186	186
3187	186
3188	186
3189	186
3190	186
3191	186
3192	186
3193	186
3194	186
3195	186
3196	176
3197	176
3198	176
3199	176
3200	176
3201	176
3202	176
3203	176
3204	176
3205	176
3206	176
3207	176
3208	176
3209	176
3210	176
3211	176
3212	176
3213	176
3214	176
3215	176
3216	176
3217	176
3218	176
3219	176
3220	176
3221	176
3222	176
3223	176
3224	159
3225	159
3226	159
3227	159
3228	159
3229	159
3230	159
3231	159
3232	159
3233	159
3234	159
3235	159
3236	159
3237	159
3238	159
3239	159
3240	159
3241	159
3242	159
3243	159
3244	159
3245	159
3246	159
3247	159
3248	159
3249	181
3250	181
3251	181
3252	181
3253	181
3254	181
3255	181
3256	181
3257	181
3258	181
3259	181
3260	181
3261	181
3262	181
3263	181
3264	181
3265	181
3266	181
3267	181
3268	181
3269	181
3270	181
3271	181
3272	181
3273	181
3274	192
3275	192
3276	192
3277	192
3278	192
3279	192
3280	192
3281	192
3282	192
3283	192
3284	192
3285	192
3286	192
3287	192
3288	192
3289	192
3290	192
3291	192
3292	192
3293	192
3294	192
3295	192
3296	192
3297	192
3298	192
3299	192
3300	192
3301	192
3302	192
3303	179
3304	179
3305	179
3306	179
3307	179
3308	179
3309	179
3310	179
3311	179
3312	179
3313	179
3314	179
3315	179
3316	179
3317	179
3318	179
3319	179
3320	179
3321	179
3322	179
3323	179
3324	179
3325	179
3326	179
3327	179
3328	167
3329	167
3330	167
3331	167
3332	167
3333	167
3334	167
3335	167
3336	167
3337	167
3338	167
3339	167
3340	167
3341	167
3342	167
3343	167
3344	167
3345	167
3346	167
3347	167
3348	167
3349	167
3350	167
3351	167
3352	182
3353	182
3354	182
3355	182
3356	182
3357	182
3358	182
3359	182
3360	182
3361	182
3362	182
3363	182
3364	182
3365	182
3366	182
3367	182
3368	182
3369	182
3370	182
3371	182
3372	182
3373	182
3374	182
3375	182
3376	182
3377	182
3378	182
3379	182
3380	182
3381	171
3382	171
3383	171
3384	171
3385	171
3386	171
3387	171
3388	171
3389	171
3390	171
3391	171
3392	171
3393	171
3394	171
3395	171
3396	171
3397	171
3398	171
3399	171
3400	171
3401	171
3402	171
3403	171
3404	171
3405	171
3406	206
3407	206
3408	206
3409	206
3410	206
3411	206
3412	206
3413	206
3414	206
3415	206
3416	206
3417	206
3418	206
3419	206
3420	206
3421	206
3422	206
3423	206
3424	206
3425	206
3426	206
3427	206
3428	206
3429	206
3430	206
3431	187
3432	187
3433	187
3434	187
3435	187
3436	187
3437	187
3438	187
3439	187
3440	187
3441	187
3442	187
3443	187
3444	187
3445	187
3446	187
3447	187
3448	187
3449	187
3450	187
3451	187
3452	187
3453	187
3454	187
3455	187
3456	183
3457	183
3458	183
3459	183
3460	183
3461	183
3462	183
3463	183
3464	183
3465	183
3466	183
3467	183
3468	183
3469	183
3470	183
3471	183
3472	183
3473	183
3474	183
3475	183
3476	183
3477	183
3478	183
3479	183
3480	183
3481	183
3482	183
3483	183
3484	169
3485	169
3486	169
3487	169
3488	169
3489	169
3490	169
3491	169
3492	169
3493	169
3494	169
3495	169
3496	169
3497	169
3498	169
3499	169
3500	169
3501	169
3502	169
3503	169
3504	169
3505	169
3506	169
3507	169
3508	169
3509	178
3510	178
3511	178
3512	178
3513	178
3514	178
3515	178
3516	178
3517	178
3518	178
3519	178
3520	178
3521	178
3522	178
3523	178
3524	178
3525	178
3526	178
3527	178
3528	178
3529	178
3530	178
3531	178
3532	178
3533	178
3534	193
3535	193
3536	193
3537	193
3538	193
3539	193
3540	193
3541	193
3542	193
3543	193
3544	193
3545	193
3546	193
3547	193
3548	193
3549	193
3550	193
3551	193
3552	193
3553	193
3554	193
3555	193
3556	193
3557	193
3558	193
3559	193
3560	193
3561	193
3562	193
3563	181
3564	181
3565	181
3566	181
3567	181
3568	181
3569	181
3570	181
3571	181
3572	181
3573	181
3574	181
3575	181
3576	181
3577	181
3578	181
3579	181
3580	181
3581	181
3582	181
3583	181
3584	181
3585	181
3586	181
3587	181
3588	3
3589	3
3590	3
3591	3
3592	3
3593	3
3594	3
3595	3
3596	3
3597	3
3598	3
3599	3
3600	3
3601	3
3602	3
3603	3
3604	3
3605	3
3606	3
3607	3
3608	3
3609	3
3610	3
3611	3
3612	189
3613	189
3614	189
3615	189
3616	189
3617	189
3618	189
3619	189
3620	189
3621	189
3622	189
3623	189
3624	189
3625	189
3626	189
3627	189
3628	189
3629	189
3630	189
3631	189
3632	189
3633	189
3634	189
3635	189
3636	189
3637	189
3638	189
3639	189
3640	189
3641	3
3642	3
3643	3
3644	3
3645	3
3646	3
3647	3
3648	3
3649	3
3650	3
3651	3
3652	3
3653	3
3654	3
3655	3
3656	3
3657	3
3658	3
3659	3
3660	3
3661	3
3662	3
3663	3
3664	3
3665	3
3666	8
3667	8
3668	8
3669	8
3670	8
3671	8
3672	8
3673	8
3674	8
3675	8
3676	8
3677	8
3678	8
3679	8
3680	8
3681	8
3682	8
3683	8
3684	8
3685	8
3686	8
3687	8
3688	8
3689	8
3690	8
3691	175
3692	175
3693	175
3694	175
3695	175
3696	175
3697	175
3698	175
3699	175
3700	175
3701	175
3702	175
3703	175
3704	175
3705	175
3706	175
3707	175
3708	175
3709	175
3710	175
3711	175
3712	175
3713	175
3714	175
3715	175
3716	3
3717	3
3718	3
3719	3
3720	3
3721	3
3722	3
3723	3
3724	3
3725	3
3726	3
3727	3
3728	3
3729	3
3730	3
3731	3
3732	3
3733	3
3734	3
3735	3
3736	3
3737	3
3738	3
3739	3
3740	3
3741	3
3742	3
3743	3
3744	3
3745	180
3746	180
3747	180
3748	180
3749	180
3750	180
3751	180
3752	180
3753	180
3754	180
3755	180
3756	180
3757	180
3758	180
3759	180
3760	180
3761	180
3762	180
3763	180
3764	180
3765	180
3766	180
3767	180
3768	180
3769	187
3770	187
3771	187
3772	187
3773	187
3774	187
3775	187
3776	187
3777	187
3778	187
3779	187
3780	187
3781	187
3782	187
3783	187
3784	187
3785	187
3786	187
3787	187
3788	187
3789	187
3790	187
3791	187
3792	187
3793	187
3794	3
3795	3
3796	3
3797	3
3798	3
3799	3
3800	3
3801	3
3802	3
3803	3
3804	3
3805	3
3806	3
3807	3
3808	3
3809	3
3810	3
3811	3
3812	3
3813	3
3814	3
3815	3
3816	3
3817	3
3818	3
3819	3
3820	3
3821	3
3822	3
3823	173
3824	173
3825	173
3826	173
3827	173
3828	173
3829	173
3830	173
3831	173
3832	173
3833	173
3834	173
3835	173
3836	173
3837	173
3838	173
3839	173
3840	173
3841	173
3842	173
3843	173
3844	173
3845	173
3846	173
3847	173
3848	188
3849	188
3850	188
3851	188
3852	188
3853	188
3854	188
3855	188
3856	188
3857	188
3858	188
3859	188
3860	188
3861	188
3862	188
3863	188
3864	188
3865	188
3866	188
3867	188
3868	188
3869	188
3870	188
3871	188
3872	188
3873	3
3874	3
3875	3
3876	3
3877	3
3878	3
3879	3
3880	3
3881	3
3882	3
3883	3
3884	3
3885	3
3886	3
3887	3
3888	3
3889	3
3890	3
3891	3
3892	3
3893	3
3894	3
3895	3
3896	3
3897	3
3898	3
3899	3
3900	3
3901	169
3902	169
3903	169
3904	169
3905	169
3906	169
3907	169
3908	169
3909	169
3910	169
3911	169
3912	169
3913	169
3914	169
3915	169
3916	169
3917	169
3918	169
3919	169
3920	169
3921	169
3922	169
3923	169
3924	169
3925	169
3926	3
3927	3
3928	3
3929	3
3930	3
3931	3
3932	3
3933	3
3934	3
3935	3
3936	3
3937	3
3938	3
3939	3
3940	3
3941	3
3942	3
3943	3
3944	3
3945	3
3946	3
3947	3
3948	3
3949	3
3950	3
3951	3
3952	3
3953	3
3954	3
3955	3
3956	3
3957	3
3958	3
3959	3
3960	3
3961	3
3962	3
3963	3
3964	3
3965	3
3966	3
3967	3
3968	3
3969	3
3970	3
3971	3
3972	3
3973	3
3974	3
3975	3
3976	3
3977	3
3978	3
3979	3
3980	3
3981	3
3982	3
3983	3
3984	3
3985	3
3986	3
3987	3
3988	3
3989	3
3990	3
3991	3
3992	3
3993	3
3994	3
3995	3
3996	3
3997	3
3998	3
3999	3
4000	3
4001	3
4002	3
4003	3
4004	204
4005	3
4006	3
4007	3
4008	3
4009	3
4010	3
4011	3
4012	3
4013	3
4014	3
4015	3
4016	3
4017	3
4018	3
4019	3
4020	3
4021	3
4022	3
4023	3
4024	3
4025	3
4026	3
4027	3
4028	3
4029	3
4030	26
4031	26
4032	26
4033	26
4034	26
4035	26
4036	26
4037	26
4038	26
4039	26
4040	26
4041	26
4042	26
4043	26
4044	26
4045	26
4046	26
4047	26
4048	26
4049	26
4050	26
4051	26
4052	26
4053	26
4054	184
4055	184
4056	184
4057	184
4058	184
4059	184
4060	184
4061	184
4062	184
4063	184
4064	184
4065	184
4066	184
4067	184
4068	184
4069	184
4070	184
4071	184
4072	184
4073	184
4074	184
4075	184
4076	184
4077	184
4078	184
4079	184
4080	184
4081	184
4082	184
4083	189
4084	189
4085	189
4086	189
4087	189
4088	189
4089	189
4090	189
4091	189
4092	189
4093	189
4094	189
4095	189
4096	189
4097	189
4098	189
4099	189
4100	189
4101	189
4102	189
4103	189
4104	189
4105	189
4106	189
4107	189
4108	186
4109	186
4110	186
4111	186
4112	186
4113	186
4114	186
4115	186
4116	186
4117	186
4118	186
4119	186
4120	186
4121	186
4122	186
4123	186
4124	186
4125	186
4126	186
4127	186
4128	186
4129	186
4130	186
4131	186
4132	186
4133	191
4134	191
4135	191
4136	191
4137	191
4138	191
4139	191
4140	191
4141	191
4142	191
4143	191
4144	191
4145	191
4146	191
4147	191
4148	191
4149	191
4150	191
4151	191
4152	191
4153	191
4154	191
4155	191
4156	191
4157	191
4158	191
4159	191
4160	191
4161	191
4162	3
4163	3
4164	3
4165	3
4166	3
4167	3
4168	3
4169	3
4170	3
4171	3
4172	3
4173	3
4174	3
4175	3
4176	3
4177	3
4178	3
4179	3
4180	3
4181	3
4182	3
4183	3
4184	3
4185	3
4186	84
4187	84
4188	84
4189	84
4190	84
4191	84
4192	84
4193	84
4194	84
4195	84
4196	84
4197	84
4198	84
4199	84
4200	84
4201	84
4202	84
4203	84
4204	84
4205	84
4206	84
4207	84
4208	84
4209	84
4210	84
4211	150
4212	150
4213	150
4214	150
4215	150
4216	150
4217	150
4218	150
4219	150
4220	150
4221	150
4222	150
4223	150
4224	150
4225	150
4226	150
4227	150
4228	150
4229	150
4230	150
4231	150
4232	150
4233	150
4234	150
4235	150
4236	3
4237	3
4238	3
4239	3
4240	3
4241	3
4242	3
4243	3
4244	3
4245	3
4246	3
4247	3
4248	3
4249	3
4250	3
4251	3
4252	3
4253	3
4254	3
4255	3
4256	3
4257	3
4258	3
4259	3
4260	3
4261	3
4262	3
4263	3
4264	3
4265	176
4266	176
4267	176
4268	176
4269	176
4270	176
4271	176
4272	176
4273	176
4274	176
4275	176
4276	176
4277	176
4278	176
4279	176
4280	176
4281	176
4282	176
4283	176
4284	176
4285	176
4286	176
4287	176
4288	176
4289	176
4290	3
4291	3
4292	3
4293	3
4294	3
4295	3
4296	3
4297	3
4298	3
4299	3
4300	3
4301	3
4302	3
4303	3
4304	3
4305	3
4306	3
4307	3
4308	3
4309	3
4310	3
4311	3
4312	3
4313	3
4314	64
4315	64
4316	64
4317	64
4318	64
4319	64
4320	64
4321	64
4322	64
4323	64
4324	64
4325	64
4326	64
4327	64
4328	64
4329	64
4330	64
4331	64
4332	64
4333	64
4334	64
4335	64
4336	64
4337	64
4338	64
4339	64
4340	64
4341	64
4342	64
4343	177
4344	177
4345	177
4346	177
4347	177
4348	177
4349	177
4350	177
4351	177
4352	177
4353	177
4354	177
4355	177
4356	177
4357	177
4358	177
4359	177
4360	177
4361	177
4362	177
4363	177
4364	177
4365	177
4366	177
4367	177
4368	22
4369	22
4370	22
4371	22
4372	22
4373	22
4374	22
4375	22
4376	22
4377	22
4378	22
4379	22
4380	22
4381	22
4382	22
4383	22
4384	22
4385	22
4386	22
4387	22
4388	22
4389	22
4390	22
4391	22
4392	22
4393	3
4394	3
4395	3
4396	3
4397	3
4398	3
4399	3
4400	3
4401	3
4402	3
4403	3
4404	3
4405	3
4406	3
4407	3
4408	3
4409	3
4410	3
4411	3
4412	3
4413	3
4414	3
4415	3
4416	3
4417	3
4418	3
4419	3
4420	3
4421	3
4422	176
4423	176
4424	176
4425	176
4426	176
4427	176
4428	176
4429	176
4430	176
4431	176
4432	176
4433	176
4434	176
4435	176
4436	176
4437	176
4438	176
4439	176
4440	176
4441	176
4442	176
4443	176
4444	176
4445	176
4446	3
4447	3
4448	3
4449	3
4450	3
4451	3
4452	3
4453	3
4454	3
4455	3
4456	3
4457	3
4458	3
4459	3
4460	3
4461	3
4462	3
4463	3
4464	3
4465	3
4466	3
4467	3
4468	3
4469	3
4470	3
4471	192
4472	192
4473	192
4474	192
4475	192
4476	192
4477	192
4478	192
4479	192
4480	192
4481	192
4482	192
4483	192
4484	192
4485	192
4486	192
4487	192
4488	192
4489	192
4490	192
4491	192
4492	192
4493	192
4494	192
4495	192
4496	3
4497	3
4498	3
4499	3
4500	3
4501	3
4502	3
4503	3
4504	3
4505	3
4506	3
4507	3
4508	3
4509	3
4510	3
4511	3
4512	3
4513	3
4514	3
4515	3
4516	3
4517	3
4518	3
4519	3
4520	3
4521	3
4522	3
4523	3
4524	3
4525	64
4526	64
4527	64
4528	64
4529	64
4530	64
4531	64
4532	64
4533	64
4534	64
4535	64
4536	64
4537	64
4538	64
4539	64
4540	64
4541	64
4542	64
4543	64
4544	64
4545	64
4546	64
4547	64
4548	64
4549	64
4550	160
4551	160
4552	160
4553	160
4554	160
4555	160
4556	160
4557	160
4558	160
4559	160
4560	160
4561	160
4562	160
4563	160
4564	160
4565	160
4566	160
4567	160
4568	160
4569	160
4570	160
4571	160
4572	160
4573	160
4574	160
4575	185
4576	185
4577	185
4578	185
4579	185
4580	185
4581	185
4582	185
4583	185
4584	185
4585	185
4586	185
4587	185
4588	185
4589	185
4590	185
4591	185
4592	185
4593	185
4594	185
4595	185
4596	185
4597	185
4598	185
4599	185
4600	185
4601	185
4602	185
4603	210
4604	210
4605	210
4606	210
4607	210
4608	210
4609	210
4610	210
4611	210
4612	210
4613	210
4614	210
4615	210
4616	210
4617	210
4618	210
4619	210
4620	210
4621	210
4622	210
4623	210
4624	210
4625	210
4626	210
4627	210
4628	177
4629	177
4630	177
4631	177
4632	177
4633	177
4634	177
4635	177
4636	177
4637	177
4638	177
4639	177
4640	177
4641	177
4642	177
4643	177
4644	177
4645	177
4646	177
4647	177
4648	177
4649	177
4650	177
4651	177
4652	177
4653	3
4654	3
4655	3
4656	3
4657	3
4658	3
4659	3
4660	3
4661	3
4662	3
4663	3
4664	3
4665	3
4666	3
4667	3
4668	3
4669	3
4670	3
4671	3
4672	3
4673	3
4674	3
4675	3
4676	3
4677	3
4678	3
4679	3
4680	3
4681	3
4682	3
4683	3
4684	3
4685	3
4686	3
4687	3
4688	3
4689	3
4690	3
4691	3
4692	3
4693	3
4694	3
4695	3
4696	3
4697	3
4698	3
4699	3
4700	3
4701	3
4702	3
4703	3
4704	3
4705	3
4706	3
4707	3
4708	3
4709	3
4710	3
4711	3
4712	3
4713	3
4714	3
4715	3
4716	3
4717	3
4718	3
4719	3
4720	3
4721	3
4722	3
4723	3
4724	3
4725	3
4726	3
4727	3
4728	3
4729	3
4730	182
4731	3
4732	3
4733	3
4734	3
4735	3
4736	3
4737	3
4738	3
4739	3
4740	3
4741	3
4742	3
4743	3
4744	3
4745	3
4746	3
4747	3
4748	3
4749	3
4750	3
4751	3
4752	3
4753	3
4754	3
4755	3
4756	191
4757	191
4758	191
4759	191
4760	191
4761	191
4762	191
4763	191
4764	191
4765	191
4766	191
4767	191
4768	191
4769	191
4770	191
4771	191
4772	191
4773	191
4774	191
4775	191
4776	191
4777	191
4778	191
4779	191
4780	191
4781	191
4782	191
4783	191
4784	191
4785	3
4786	3
4787	3
4788	3
4789	3
4790	3
4791	3
4792	3
4793	3
4794	3
4795	3
4796	3
4797	3
4798	3
4799	3
4800	3
4801	3
4802	3
4803	3
4804	3
4805	3
4806	3
4807	3
4808	3
4809	3
4810	211
4811	211
4812	211
4813	211
4814	211
4815	211
4816	211
4817	211
4818	211
4819	211
4820	211
4821	211
4822	211
4823	211
4824	211
4825	211
4826	211
4827	211
4828	211
4829	211
4830	211
4831	211
4832	211
4833	211
4834	211
4835	170
4836	170
4837	170
4838	170
4839	170
4840	170
4841	170
4842	170
4843	170
4844	170
4845	170
4846	170
4847	170
4848	170
4849	170
4850	170
4851	170
4852	170
4853	170
4854	170
4855	170
4856	170
4857	170
4858	170
4859	170
4860	170
4861	170
4862	170
4863	170
4864	163
4865	163
4866	163
4867	163
4868	163
4869	163
4870	163
4871	163
4872	163
4873	163
4874	163
4875	163
4876	163
4877	163
4878	163
4879	163
4880	163
4881	163
4882	163
4883	163
4884	163
4885	163
4886	163
4887	163
4888	202
4889	202
4890	202
4891	202
4892	202
4893	202
4894	202
4895	202
4896	202
4897	202
4898	202
4899	202
4900	202
4901	202
4902	202
4903	202
4904	202
4905	202
4906	202
4907	202
4908	202
4909	202
4910	202
4911	202
4912	202
4913	190
4914	190
4915	190
4916	190
4917	190
4918	190
4919	190
4920	190
4921	190
4922	190
4923	190
4924	190
4925	190
4926	190
4927	190
4928	190
4929	190
4930	190
4931	190
4932	190
4933	190
4934	190
4935	190
4936	190
4937	190
4938	190
4939	190
4940	190
4941	190
4942	3
4943	3
4944	3
4945	3
4946	3
4947	3
4948	3
4949	3
4950	3
4951	3
4952	3
4953	3
4954	3
4955	3
4956	3
4957	3
4958	3
4959	3
4960	3
4961	3
4962	3
4963	3
4964	3
4965	3
4966	3
4967	3
4968	3
4969	3
4970	3
4971	3
4972	3
4973	3
4974	3
4975	3
4976	3
4977	3
4978	3
4979	3
4980	3
4981	3
4982	3
4983	3
4984	3
4985	3
4986	3
4987	3
4988	3
4989	3
4990	3
4991	3
4992	3
4993	3
4994	3
4995	3
4996	3
4997	3
4998	3
4999	3
5000	3
5001	3
5002	3
5003	3
5004	3
5005	3
5006	3
5007	3
5008	3
5009	3
5010	3
5011	3
5012	3
5013	3
5014	3
5015	169
5016	3
5017	3
5018	3
5019	3
5020	3
5021	3
5022	3
5023	3
5024	3
5025	3
5026	3
5027	3
5028	3
5029	3
5030	3
5031	3
5032	3
5033	3
5034	3
5035	3
5036	3
5037	3
5038	3
5039	3
5040	3
5041	3
5042	3
5043	3
5044	3
5045	176
5046	176
5047	176
5048	176
5049	176
5050	176
5051	176
5052	176
5053	176
5054	176
5055	176
5056	176
5057	176
5058	176
5059	176
5060	176
5061	176
5062	176
5063	176
5064	176
5065	176
5066	176
5067	176
5068	176
5069	176
5070	3
5071	3
5072	3
5073	3
5074	3
5075	3
5076	3
5077	3
5078	3
5079	3
5080	3
5081	3
5082	3
5083	3
5084	3
5085	3
5086	3
5087	3
5088	3
5089	3
5090	3
5091	3
5092	3
5093	3
5094	3
5095	6
5096	6
5097	6
5098	6
5099	6
5100	6
5101	6
5102	6
5103	6
5104	6
5105	6
5106	6
5107	6
5108	6
5109	6
5110	6
5111	6
5112	6
5113	6
5114	6
5115	6
5116	6
5117	6
5118	6
5119	6
5120	6
5121	6
5122	6
5123	6
5124	175
5125	175
5126	175
5127	175
5128	175
5129	175
5130	175
5131	175
5132	175
5133	175
5134	175
5135	175
5136	175
5137	175
5138	175
5139	175
5140	175
5141	175
5142	175
5143	175
5144	175
5145	175
5146	175
5147	175
5148	181
5149	181
5150	181
5151	181
5152	181
5153	181
5154	181
5155	181
5156	181
5157	181
5158	181
5159	181
5160	181
5161	181
5162	181
5163	181
5164	181
5165	181
5166	181
5167	181
5168	181
5169	181
5170	181
5171	181
5172	181
5173	3
5174	3
5175	3
5176	3
5177	3
5178	3
5179	3
5180	3
5181	3
5182	3
5183	3
5184	3
5185	3
5186	3
5187	3
5188	3
5189	3
5190	3
5191	3
5192	3
5193	3
5194	3
5195	3
5196	3
5197	3
5198	3
5199	3
5200	3
5201	3
5202	173
5203	173
5204	173
5205	173
5206	173
5207	173
5208	173
5209	173
5210	173
5211	173
5212	173
5213	173
5214	173
5215	173
5216	173
5217	173
5218	173
5219	173
5220	173
5221	173
5222	173
5223	173
5224	173
5225	173
5226	173
5227	3
5228	3
5229	3
5230	3
5231	3
5232	3
5233	3
5234	3
5235	3
5236	3
5237	3
5238	3
5239	3
5240	3
5241	3
5242	3
5243	3
5244	3
5245	3
5246	3
5247	3
5248	3
5249	3
5250	3
5251	3
5252	3
5253	3
5254	3
5255	3
5256	3
5257	3
5258	3
5259	3
5260	3
5261	3
5262	3
5263	3
5264	3
5265	3
5266	3
5267	3
5268	3
5269	3
5270	3
5271	3
5272	3
5273	3
5274	3
5275	3
5276	3
5277	3
5278	3
5279	3
5280	3
5281	3
5282	3
5283	3
5284	3
5285	3
5286	3
5287	3
5288	3
5289	3
5290	3
5291	3
5292	3
5293	3
5294	3
5295	3
5296	3
5297	3
5298	3
5299	3
5300	3
5301	3
5302	3
5303	3
5304	175
5305	3
5306	3
5307	3
5308	3
5309	3
5310	3
5311	3
5312	3
5313	3
5314	3
5315	3
5316	3
5317	3
5318	3
5319	3
5320	3
5321	3
5322	3
5323	3
5324	3
5325	3
5326	3
5327	3
5328	3
5329	3
5330	208
5331	208
5332	208
5333	208
5334	208
5335	208
5336	208
5337	208
5338	208
5339	208
5340	208
5341	208
5342	208
5343	208
5344	208
5345	208
5346	208
5347	208
5348	208
5349	208
5350	208
5351	208
5352	208
5353	208
5354	208
5355	163
5356	163
5357	163
5358	163
5359	163
5360	163
5361	163
5362	163
5363	163
5364	163
5365	163
5366	163
5367	163
5368	163
5369	163
5370	163
5371	163
5372	163
5373	163
5374	163
5375	163
5376	163
5377	163
5378	163
5379	163
5380	163
5381	163
5382	163
5383	163
5384	3
5385	3
5386	3
5387	3
5388	3
5389	3
5390	3
5391	3
5392	3
5393	3
5394	3
5395	3
5396	3
5397	3
5398	3
5399	3
5400	3
5401	3
5402	3
5403	3
5404	3
5405	3
5406	3
5407	3
5408	3
5409	212
5410	212
5411	212
5412	212
5413	212
5414	212
5415	212
5416	212
5417	212
5418	212
5419	212
5420	212
5421	212
5422	212
5423	212
5424	212
5425	212
5426	212
5427	212
5428	212
5429	212
5430	212
5431	212
5432	212
5433	207
5434	207
5435	207
5436	207
5437	207
5438	207
5439	207
5440	207
5441	207
5442	207
5443	207
5444	207
5445	207
5446	207
5447	207
5448	207
5449	207
5450	207
5451	207
5452	207
5453	207
5454	207
5455	207
5456	207
5457	207
5458	207
5459	207
5460	207
5461	207
5462	3
5463	3
5464	3
5465	3
5466	3
5467	3
5468	3
5469	3
5470	3
5471	3
5472	3
5473	3
5474	3
5475	3
5476	3
5477	3
5478	3
5479	3
5480	3
5481	3
5482	3
5483	3
5484	3
5485	3
5486	3
5487	176
5488	176
5489	176
5490	176
5491	176
5492	176
5493	176
5494	176
5495	176
5496	176
5497	176
5498	176
5499	176
5500	176
5501	176
5502	176
5503	176
5504	176
5505	176
5506	176
5507	176
5508	176
5509	176
5510	176
5511	176
5512	50
5513	50
5514	50
5515	50
5516	50
5517	50
5518	50
5519	50
5520	50
5521	50
5522	50
5523	50
5524	50
5525	50
5526	50
5527	50
5528	50
5529	50
5530	50
5531	50
5532	50
5533	50
5534	50
5535	50
5536	50
5537	3
5538	3
5539	3
5540	3
5541	3
5542	3
5543	3
5544	3
5545	3
5546	3
5547	3
5548	3
5549	3
5550	3
5551	3
5552	3
5553	3
5554	3
5555	3
5556	3
5557	3
5558	3
5559	3
5560	3
5561	3
5562	3
5563	3
5564	3
5565	3
5566	171
5567	171
5568	171
5569	171
5570	171
5571	171
5572	171
5573	171
5574	171
5575	171
5576	171
5577	171
5578	171
5579	171
5580	171
5581	171
5582	171
5583	171
5584	171
5585	171
5586	171
5587	171
5588	171
5589	171
5590	3
5591	3
5592	3
5593	3
5594	3
5595	3
5596	3
5597	3
5598	3
5599	3
5600	3
5601	3
5602	3
5603	3
5604	3
5605	3
5606	3
5607	3
5608	3
5609	3
5610	3
5611	3
5612	3
5613	3
5614	3
5615	174
5616	174
5617	174
5618	174
5619	174
5620	174
5621	174
5622	174
5623	174
5624	174
5625	174
5626	174
5627	174
5628	174
5629	174
5630	174
5631	174
5632	174
5633	174
5634	174
5635	174
5636	174
5637	174
5638	174
5639	174
5640	174
5641	174
5642	174
5643	174
5644	101
5645	101
5646	101
5647	101
5648	101
5649	101
5650	101
5651	101
5652	101
5653	101
5654	101
5655	101
5656	101
5657	101
5658	101
5659	101
5660	101
5661	101
5662	101
5663	101
5664	101
5665	101
5666	101
5667	101
5668	101
5669	57
5670	57
5671	57
5672	57
5673	57
5674	57
5675	57
5676	57
5677	57
5678	57
5679	57
5680	57
5681	57
5682	57
5683	57
5684	57
5685	57
5686	57
5687	57
5688	57
5689	57
5690	57
5691	57
5692	57
5693	53
5694	53
5695	53
5696	53
5697	53
5698	53
5699	53
5700	53
5701	53
5702	53
5703	53
5704	53
5705	53
5706	53
5707	53
5708	53
5709	53
5710	53
5711	53
5712	53
5713	53
5714	53
5715	53
5716	53
5717	53
5718	53
5719	53
5720	53
5721	53
5722	51
5723	51
5724	51
5725	51
5726	51
5727	51
5728	51
5729	51
5730	51
5731	51
5732	51
5733	51
5734	51
5735	51
5736	51
5737	51
5738	51
5739	51
5740	51
5741	51
5742	51
5743	51
5744	51
5745	51
5746	51
5747	51
5748	51
5749	51
5750	51
5751	51
5752	51
5753	51
5754	51
5755	51
5756	51
5757	51
5758	51
5759	51
5760	51
5761	51
5762	51
5763	51
5764	51
5765	51
5766	51
5767	51
5768	51
5769	51
5770	51
5771	51
5772	143
5773	143
5774	143
5775	143
5776	143
5777	143
5778	143
5779	143
5780	143
5781	143
5782	143
5783	143
5784	143
5785	143
5786	143
5787	143
5788	143
5789	143
5790	143
5791	143
5792	143
5793	143
5794	143
5795	143
5796	143
5797	151
5798	151
5799	151
5800	151
5801	151
5802	151
5803	151
5804	151
5805	151
5806	151
5807	151
5808	151
5809	151
5810	151
5811	151
5812	151
5813	151
5814	151
5815	151
5816	151
5817	151
5818	151
5819	151
5820	151
5821	151
5822	151
5823	151
5824	151
5825	151
5826	126
5827	126
5828	126
5829	126
5830	126
5831	126
5832	126
5833	126
5834	126
5835	126
5836	126
5837	126
5838	126
5839	126
5840	126
5841	126
5842	126
5843	126
5844	126
5845	126
5846	126
5847	126
5848	126
5849	126
5850	80
5851	80
5852	80
5853	80
5854	80
5855	80
5856	80
5857	80
5858	80
5859	80
5860	80
5861	80
5862	80
5863	80
5864	80
5865	80
5866	80
5867	80
5868	80
5869	80
5870	80
5871	80
5872	80
5873	80
5874	80
5875	174
5876	174
5877	174
5878	174
5879	174
5880	174
5881	174
5882	174
5883	174
5884	174
5885	174
5886	174
5887	174
5888	174
5889	174
5890	174
5891	174
5892	174
5893	174
5894	174
5895	174
5896	174
5897	174
5898	174
5899	174
5900	174
5901	174
5902	174
5903	174
5904	171
5905	171
5906	171
5907	171
5908	171
5909	171
5910	171
5911	171
5912	171
5913	171
5914	171
5915	171
5916	171
5917	171
5918	171
5919	171
5920	171
5921	171
5922	171
5923	171
5924	171
5925	171
5926	171
5927	171
5928	171
5929	178
5930	178
5931	178
5932	178
5933	178
5934	178
5935	178
5936	178
5937	178
5938	178
5939	178
5940	178
5941	178
5942	178
5943	178
5944	178
5945	178
5946	178
5947	178
5948	178
5949	178
5950	178
5951	178
5952	178
5953	178
5954	175
5955	175
5956	175
5957	175
5958	175
5959	175
5960	175
5961	175
5962	175
5963	175
5964	175
5965	175
5966	175
5967	175
5968	175
5969	175
5970	175
5971	175
5972	175
5973	175
5974	175
5975	175
5976	175
5977	175
5978	175
5979	175
5980	175
5981	175
5982	15
5983	15
5984	15
5985	15
5986	15
5987	15
5988	15
5989	15
5990	15
5991	15
5992	15
5993	15
5994	15
5995	15
5996	15
5997	15
5998	15
5999	15
6000	15
6001	15
6002	15
6003	15
6004	15
6005	15
6006	15
6007	15
6008	15
6009	15
6010	15
6011	15
6012	15
6013	15
6014	15
6015	15
6016	15
6017	15
6018	15
6019	15
6020	15
6021	15
6022	15
6023	15
6024	15
6025	15
6026	15
6027	15
6028	15
6029	15
6030	15
6031	15
6032	15
6033	15
6034	15
6035	15
6036	15
6037	15
6038	15
6039	15
6040	15
6041	15
6042	15
6043	15
6044	15
6045	15
6046	15
6047	15
6048	15
6049	15
6050	15
6051	15
6052	15
6053	15
6054	15
6055	15
6056	273
6057	14
6058	14
6059	14
6060	14
6061	14
6062	14
6063	14
6064	14
6065	14
6066	14
6067	14
6068	14
6069	14
6070	14
6071	14
6072	14
6073	14
6074	14
6075	14
6076	14
6077	14
6078	14
6079	14
6080	14
6081	14
6082	14
6083	14
6084	14
6085	14
6086	3
6087	3
6088	3
6089	3
6090	3
6091	3
6092	3
6093	3
6094	3
6095	3
6096	3
6097	3
6098	3
6099	3
6100	3
6101	3
6102	3
6103	3
6104	3
6105	3
6106	3
6107	3
6108	3
6109	3
6110	207
6111	207
6112	207
6113	207
6114	207
6115	207
6116	207
6117	207
6118	207
6119	207
6120	207
6121	207
6122	207
6123	207
6124	207
6125	207
6126	207
6127	207
6128	207
6129	207
6130	207
6131	207
6132	207
6133	207
6134	207
6135	193
6136	193
6137	193
6138	193
6139	193
6140	193
6141	193
6142	193
6143	193
6144	193
6145	193
6146	193
6147	193
6148	193
6149	193
6150	193
6151	193
6152	193
6153	193
6154	193
6155	193
6156	193
6157	193
6158	193
6159	193
6160	193
6161	193
6162	193
6163	193
6164	184
6165	184
6166	184
6167	184
6168	184
6169	184
6170	184
6171	184
6172	184
6173	184
6174	184
6175	184
6176	184
6177	184
6178	184
6179	184
6180	184
6181	184
6182	184
6183	184
6184	184
6185	184
6186	184
6187	184
6188	184
6189	220
6190	220
6191	220
6192	220
6193	220
6194	220
6195	220
6196	220
6197	220
6198	220
6199	220
6200	220
6201	220
6202	220
6203	220
6204	220
6205	220
6206	220
6207	220
6208	220
6209	220
6210	220
6211	220
6212	220
6213	220
6214	3
6215	3
6216	3
6217	3
6218	3
6219	3
6220	3
6221	3
6222	3
6223	3
6224	3
6225	3
6226	3
6227	3
6228	3
6229	3
6230	3
6231	3
6232	3
6233	3
6234	3
6235	3
6236	3
6237	3
6238	3
6239	3
6240	3
6241	3
6242	3
6243	3
6244	3
6245	3
6246	3
6247	3
6248	3
6249	3
6250	3
6251	3
6252	3
6253	3
6254	3
6255	3
6256	3
6257	3
6258	3
6259	3
6260	3
6261	3
6262	3
6263	3
6264	3
6265	3
6266	3
6267	3
6268	3
6269	3
6270	3
6271	3
6272	3
6273	3
6274	3
6275	3
6276	3
6277	3
6278	3
6279	3
6280	3
6281	3
6282	3
6283	3
6284	3
6285	3
6286	3
6287	3
6288	3
6289	3
6290	3
6291	212
6292	3
6293	3
6294	3
6295	3
6296	3
6297	3
6298	3
6299	3
6300	3
6301	3
6302	3
6303	3
6304	3
6305	3
6306	3
6307	3
6308	3
6309	3
6310	3
6311	3
6312	3
6313	3
6314	3
6315	3
6316	3
6317	224
6318	224
6319	224
6320	224
6321	224
6322	224
6323	224
6324	224
6325	224
6326	224
6327	224
6328	224
6329	224
6330	224
6331	224
6332	224
6333	224
6334	224
6335	224
6336	224
6337	224
6338	224
6339	224
6340	224
6341	224
6342	224
6343	224
6344	224
6345	224
6346	22
6347	22
6348	22
6349	22
6350	22
6351	22
6352	22
6353	22
6354	22
6355	22
6356	22
6357	22
6358	22
6359	22
6360	22
6361	22
6362	22
6363	22
6364	22
6365	22
6366	22
6367	22
6368	22
6369	22
6370	58
6371	58
6372	58
6373	58
6374	58
6375	58
6376	58
6377	58
6378	58
6379	58
6380	58
6381	58
6382	58
6383	58
6384	58
6385	58
6386	58
6387	58
6388	58
6389	58
6390	58
6391	58
6392	58
6393	58
6394	58
6395	73
6396	73
6397	73
6398	73
6399	73
6400	73
6401	73
6402	73
6403	73
6404	73
6405	73
6406	73
6407	73
6408	73
6409	73
6410	73
6411	73
6412	73
6413	73
6414	73
6415	73
6416	73
6417	73
6418	73
6419	73
6420	73
6421	73
6422	73
6423	73
6424	89
6425	89
6426	89
6427	89
6428	89
6429	89
6430	89
6431	89
6432	89
6433	89
6434	89
6435	89
6436	89
6437	89
6438	89
6439	89
6440	89
6441	89
6442	89
6443	89
6444	89
6445	89
6446	89
6447	89
6448	89
6449	89
6450	89
6451	89
6452	89
6453	89
6454	89
6455	89
6456	89
6457	89
6458	89
6459	89
6460	89
6461	89
6462	89
6463	89
6464	89
6465	89
6466	89
6467	89
6468	89
6469	89
6470	89
6471	89
6472	89
6473	89
6474	89
6475	89
6476	89
6477	89
6478	89
6479	89
6480	89
6481	89
6482	89
6483	89
6484	89
6485	89
6486	89
6487	89
6488	89
6489	89
6490	89
6491	89
6492	89
6493	89
6494	89
6495	89
6496	89
6497	89
6498	89
6499	89
6500	89
6501	89
6502	177
6503	256
6504	256
6505	256
6506	256
6507	256
6508	256
6509	256
6510	256
6511	256
6512	256
6513	256
6514	256
6515	256
6516	256
6517	256
6518	256
6519	256
6520	256
6521	256
6522	256
6523	256
6524	256
6525	256
6526	256
6527	193
6528	193
6529	193
6530	193
6531	193
6532	193
6533	193
6534	193
6535	193
6536	193
6537	193
6538	193
6539	193
6540	193
6541	193
6542	193
6543	193
6544	193
6545	193
6546	193
6547	193
6548	193
6549	193
6550	193
6551	193
6552	190
6553	190
6554	190
6555	190
6556	190
6557	190
6558	190
6559	190
6560	190
6561	190
6562	190
6563	190
6564	190
6565	190
6566	190
6567	190
6568	190
6569	190
6570	190
6571	190
6572	190
6573	190
6574	190
6575	190
6576	190
6577	15
6578	15
6579	15
6580	15
6581	15
6582	15
6583	15
6584	15
6585	15
6586	15
6587	15
6588	15
6589	15
6590	15
6591	15
6592	15
6593	15
6594	15
6595	15
6596	15
6597	15
6598	15
6599	15
6600	15
6601	15
6602	15
6603	15
6604	15
6605	15
6606	15
6607	15
6608	15
6609	15
6610	15
6611	15
6612	15
6613	15
6614	15
6615	15
6616	15
6617	15
6618	15
6619	15
6620	15
6621	15
6622	15
6623	15
6624	15
6625	15
6626	15
6627	15
6628	15
6629	15
6630	15
6631	15
6632	15
6633	15
6634	15
6635	15
6636	15
6637	15
6638	15
6639	15
6640	15
6641	15
6642	15
6643	15
6644	15
6645	15
6646	15
6647	15
6648	15
6649	15
6650	15
6651	15
6652	15
6653	15
6654	134
6655	158
6656	158
6657	158
6658	158
6659	158
6660	158
6661	158
6662	158
6663	158
6664	158
6665	158
6666	158
6667	158
6668	158
6669	158
6670	158
6671	158
6672	158
6673	158
6674	158
6675	158
6676	158
6677	158
6678	158
6679	158
6680	158
6681	158
6682	158
6683	158
6684	3
6685	3
6686	3
6687	3
6688	3
6689	3
6690	3
6691	3
6692	3
6693	3
6694	3
6695	3
6696	3
6697	3
6698	3
6699	3
6700	3
6701	3
6702	3
6703	3
6704	3
6705	3
6706	3
6707	3
6708	3
6709	233
6710	233
6711	233
6712	233
6713	233
6714	233
6715	233
6716	233
6717	233
6718	233
6719	233
6720	233
6721	233
6722	233
6723	233
6724	233
6725	233
6726	233
6727	233
6728	233
6729	233
6730	233
6731	233
6732	233
6733	233
6734	178
6735	178
6736	178
6737	178
6738	178
6739	178
6740	178
6741	178
6742	178
6743	178
6744	178
6745	178
6746	178
6747	178
6748	178
6749	178
6750	178
6751	178
6752	178
6753	178
6754	178
6755	178
6756	178
6757	178
6758	178
6759	178
6760	178
6761	178
6762	178
6763	48
6764	48
6765	48
6766	48
6767	48
6768	48
6769	48
6770	48
6771	48
6772	48
6773	48
6774	48
6775	48
6776	48
6777	48
6778	48
6779	48
6780	48
6781	48
6782	48
6783	48
6784	48
6785	48
6786	48
6787	186
6788	186
6789	186
6790	186
6791	186
6792	186
6793	186
6794	186
6795	186
6796	186
6797	186
6798	186
6799	186
6800	186
6801	186
6802	186
6803	186
6804	186
6805	186
6806	186
6807	186
6808	186
6809	186
6810	186
6811	186
6812	199
6813	199
6814	199
6815	199
6816	199
6817	199
6818	199
6819	199
6820	199
6821	199
6822	199
6823	199
6824	199
6825	199
6826	199
6827	199
6828	199
6829	199
6830	199
6831	199
6832	199
6833	199
6834	199
6835	199
6836	199
6837	266
6838	266
6839	266
6840	266
6841	266
6842	266
6843	266
6844	266
6845	266
6846	266
6847	266
6848	266
6849	266
6850	266
6851	266
6852	266
6853	266
6854	266
6855	266
6856	266
6857	266
6858	266
6859	266
6860	266
6861	266
6862	266
6863	266
6864	266
6865	266
6866	215
6867	215
6868	215
6869	215
6870	215
6871	215
6872	215
6873	215
6874	215
6875	215
6876	215
6877	215
6878	215
6879	215
6880	215
6881	215
6882	215
6883	215
6884	215
6885	215
6886	215
6887	215
6888	215
6889	215
6890	215
6891	44
6892	44
6893	44
6894	44
6895	44
6896	44
6897	44
6898	44
6899	44
6900	44
6901	44
6902	44
6903	44
6904	44
6905	44
6906	44
6907	44
6908	44
6909	44
6910	44
6911	44
6912	44
6913	44
6914	44
6915	44
6916	22
6917	22
6918	22
6919	22
6920	22
6921	22
6922	22
6923	22
6924	22
6925	22
6926	22
6927	22
6928	22
6929	22
6930	22
6931	22
6932	22
6933	22
6934	22
6935	22
6936	22
6937	22
6938	22
6939	22
6940	22
6941	22
6942	22
6943	22
6944	185
6945	185
6946	185
6947	185
6948	185
6949	185
6950	185
6951	185
6952	185
6953	185
6954	185
6955	185
6956	185
6957	185
6958	185
6959	185
6960	185
6961	185
6962	185
6963	185
6964	185
6965	185
6966	185
6967	185
6968	185
6969	57
6970	57
6971	57
6972	57
6973	57
6974	57
6975	57
6976	57
6977	57
6978	57
6979	57
6980	57
6981	57
6982	57
6983	57
6984	57
6985	57
6986	57
6987	57
6988	57
6989	57
6990	57
6991	57
6992	57
6993	57
6994	76
6995	76
6996	76
6997	76
6998	76
6999	76
7000	76
7001	76
7002	76
7003	76
7004	76
7005	76
7006	76
7007	76
7008	76
7009	76
7010	76
7011	76
7012	76
7013	76
7014	76
7015	76
7016	76
7017	76
7018	76
7019	76
7020	76
7021	76
7022	76
7023	92
7024	92
7025	92
7026	92
7027	92
7028	92
7029	92
7030	92
7031	92
7032	92
7033	92
7034	92
7035	92
7036	92
7037	92
7038	92
7039	92
7040	92
7041	92
7042	92
7043	92
7044	92
7045	92
7046	92
7047	92
7048	90
7049	90
7050	90
7051	90
7052	90
7053	90
7054	90
7055	90
7056	90
7057	90
7058	90
7059	90
7060	90
7061	90
7062	90
7063	90
7064	90
7065	90
7066	90
7067	90
7068	90
7069	90
7070	90
7071	90
7072	176
7073	176
7074	176
7075	176
7076	176
7077	176
7078	176
7079	176
7080	176
7081	176
7082	176
7083	176
7084	176
7085	176
7086	176
7087	176
7088	176
7089	176
7090	176
7091	176
7092	176
7093	176
7094	176
7095	176
7096	176
7097	259
7098	259
7099	259
7100	259
7101	259
7102	259
7103	259
7104	259
7105	259
7106	259
7107	259
7108	259
7109	259
7110	259
7111	259
7112	259
7113	259
7114	259
7115	259
7116	259
7117	259
7118	259
7119	259
7120	259
7121	259
7122	259
7123	259
7124	259
7125	259
7126	202
7127	202
7128	202
7129	202
7130	202
7131	202
7132	202
7133	202
7134	202
7135	202
7136	202
7137	202
7138	202
7139	202
7140	202
7141	202
7142	202
7143	202
7144	202
7145	202
7146	202
7147	202
7148	202
7149	202
7150	202
7151	196
7152	196
7153	196
7154	196
7155	196
7156	196
7157	196
7158	196
7159	196
7160	196
7161	196
7162	196
7163	196
7164	196
7165	196
7166	196
7167	196
7168	196
7169	196
7170	196
7171	196
7172	196
7173	196
7174	196
7175	196
7176	20
7177	20
7178	20
7179	20
7180	20
7181	20
7182	20
7183	20
7184	20
7185	20
7186	20
7187	20
7188	20
7189	20
7190	20
7191	20
7192	20
7193	20
7194	20
7195	20
7196	20
7197	20
7198	20
7199	20
7200	20
7201	20
7202	20
7203	20
7204	20
7205	49
7206	49
7207	49
7208	49
7209	49
7210	49
7211	49
7212	49
7213	49
7214	49
7215	49
7216	49
7217	49
7218	49
7219	49
7220	49
7221	49
7222	49
7223	49
7224	49
7225	49
7226	49
7227	49
7228	49
7229	3
7230	3
7231	3
7232	3
7233	3
7234	3
7235	3
7236	3
7237	3
7238	3
7239	3
7240	3
7241	3
7242	3
7243	3
7244	3
7245	3
7246	3
7247	3
7248	3
7249	3
7250	3
7251	3
7252	3
7253	3
7254	150
7255	150
7256	150
7257	150
7258	150
7259	150
7260	150
7261	150
7262	150
7263	150
7264	150
7265	150
7266	150
7267	150
7268	150
7269	150
7270	150
7271	150
7272	150
7273	150
7274	150
7275	150
7276	150
7277	150
7278	150
7279	150
7280	150
7281	150
7282	150
7283	175
7284	175
7285	175
7286	175
7287	175
7288	175
7289	175
7290	175
7291	175
7292	175
7293	175
7294	175
7295	175
7296	175
7297	175
7298	175
7299	175
7300	175
7301	175
7302	175
7303	175
7304	175
7305	175
7306	175
7307	175
7308	3
7309	3
7310	3
7311	3
7312	3
7313	3
7314	3
7315	3
7316	3
7317	3
7318	3
7319	3
7320	3
7321	3
7322	3
7323	3
7324	3
7325	3
7326	3
7327	3
7328	3
7329	3
7330	3
7331	3
7332	3
7333	195
7334	195
7335	195
7336	195
7337	195
7338	195
7339	195
7340	195
7341	195
7342	195
7343	195
7344	195
7345	195
7346	195
7347	195
7348	195
7349	195
7350	195
7351	195
7352	195
7353	195
7354	195
7355	195
7356	195
7357	215
7358	215
7359	215
7360	215
7361	215
7362	215
7363	215
7364	215
7365	215
7366	215
7367	215
7368	215
7369	215
7370	215
7371	215
7372	215
7373	215
7374	215
7375	215
7376	215
7377	215
7378	215
7379	215
7380	215
7381	215
7382	215
7383	215
7384	215
7385	215
7386	3
7387	3
7388	3
7389	3
7390	3
7391	3
7392	3
7393	3
7394	3
7395	3
7396	3
7397	3
7398	3
7399	3
7400	3
7401	3
7402	3
7403	3
7404	3
7405	3
7406	3
7407	3
7408	3
7409	3
7410	3
7411	210
7412	210
7413	210
7414	210
7415	210
7416	210
7417	210
7418	210
7419	210
7420	210
7421	210
7422	210
7423	210
7424	210
7425	210
7426	210
7427	210
7428	210
7429	210
7430	210
7431	210
7432	210
7433	210
7434	210
7435	210
7436	3
7437	3
7438	3
7439	3
7440	3
7441	3
7442	3
7443	3
7444	3
7445	3
7446	3
7447	3
7448	3
7449	3
7450	3
7451	3
7452	3
7453	3
7454	3
7455	3
7456	3
7457	3
7458	3
7459	3
7460	3
7461	3
7462	3
7463	3
7464	3
7465	205
7466	205
7467	205
7468	205
7469	205
7470	205
7471	205
7472	205
7473	205
7474	205
7475	205
7476	205
7477	205
7478	205
7479	205
7480	205
7481	205
7482	205
7483	205
7484	205
7485	205
7486	205
7487	205
7488	205
7489	186
7490	186
7491	186
7492	186
7493	186
7494	186
7495	186
7496	186
7497	186
7498	186
7499	186
7500	186
7501	186
7502	186
7503	186
7504	186
7505	186
7506	186
7507	186
7508	186
7509	186
7510	186
7511	186
7512	186
7513	186
7514	203
7515	203
7516	203
7517	203
7518	203
7519	203
7520	203
7521	203
7522	203
7523	203
7524	203
7525	203
7526	203
7527	203
7528	203
7529	203
7530	203
7531	203
7532	203
7533	203
7534	203
7535	203
7536	203
7537	203
7538	203
7539	203
7540	203
7541	203
7542	203
7543	225
7544	225
7545	225
7546	225
7547	225
7548	225
7549	225
7550	225
7551	225
7552	225
7553	225
7554	225
7555	225
7556	225
7557	225
7558	225
7559	225
7560	225
7561	225
7562	225
7563	225
7564	225
7565	225
7566	225
7567	225
7568	184
7569	184
7570	184
7571	184
7572	184
7573	184
7574	184
7575	184
7576	184
7577	184
7578	184
7579	184
7580	184
7581	184
7582	184
7583	184
7584	184
7585	184
7586	184
7587	184
7588	184
7589	184
7590	184
7591	184
7592	184
7593	22
7594	22
7595	22
7596	22
7597	22
7598	22
7599	22
7600	22
7601	22
7602	22
7603	22
7604	22
7605	22
7606	22
7607	22
7608	22
7609	22
7610	22
7611	22
7612	22
7613	22
7614	22
7615	22
7616	22
7617	65
7618	65
7619	65
7620	65
7621	65
7622	65
7623	65
7624	65
7625	65
7626	65
7627	65
7628	65
7629	65
7630	65
7631	65
7632	65
7633	65
7634	65
7635	65
7636	65
7637	65
7638	65
7639	65
7640	65
7641	65
7642	65
7643	65
7644	65
7645	65
7646	67
7647	67
7648	67
7649	67
7650	67
7651	67
7652	67
7653	67
7654	67
7655	67
7656	67
7657	67
7658	67
7659	67
7660	67
7661	67
7662	67
7663	67
7664	67
7665	67
7666	67
7667	67
7668	67
7669	67
7670	67
7671	61
7672	61
7673	61
7674	61
7675	61
7676	61
7677	61
7678	61
7679	61
7680	61
7681	61
7682	61
7683	61
7684	61
7685	61
7686	61
7687	61
7688	61
7689	61
7690	61
7691	61
7692	61
7693	61
7694	61
7695	61
7696	74
7697	74
7698	74
7699	74
7700	74
7701	74
7702	74
7703	74
7704	74
7705	74
7706	74
7707	74
7708	74
7709	74
7710	74
7711	74
7712	74
7713	74
7714	74
7715	74
7716	74
7717	74
7718	74
7719	74
7720	74
7721	74
7722	74
7723	74
7724	74
7725	22
7726	22
7727	22
7728	22
7729	22
7730	22
7731	22
7732	22
7733	22
7734	22
7735	22
7736	22
7737	22
7738	22
7739	22
7740	22
7741	22
7742	22
7743	22
7744	22
7745	22
7746	22
7747	22
7748	22
7749	22
7750	22
7751	22
7752	22
7753	22
7754	22
7755	22
7756	22
7757	22
7758	22
7759	22
7760	22
7761	22
7762	22
7763	22
7764	22
7765	22
7766	22
7767	22
7768	22
7769	22
7770	22
7771	22
7772	22
7773	22
7774	22
7775	22
7776	22
7777	22
7778	22
7779	22
7780	22
7781	22
7782	22
7783	22
7784	22
7785	22
7786	22
7787	22
7788	22
7789	22
7790	22
7791	22
7792	22
7793	22
7794	22
7795	22
7796	22
7797	22
7798	22
7799	22
7800	22
7801	22
7802	63
7803	147
7804	147
7805	147
7806	147
7807	147
7808	147
7809	147
7810	147
7811	147
7812	147
7813	147
7814	147
7815	147
7816	147
7817	147
7818	147
7819	147
7820	147
7821	147
7822	147
7823	147
7824	147
7825	147
7826	147
7827	147
7828	178
7829	178
7830	178
7831	178
7832	178
7833	178
7834	178
7835	178
7836	178
7837	178
7838	178
7839	178
7840	178
7841	178
7842	178
7843	178
7844	178
7845	178
7846	178
7847	178
7848	178
7849	178
7850	178
7851	178
7852	178
7853	262
7854	262
7855	262
7856	262
7857	262
7858	262
7859	262
7860	262
7861	262
7862	262
7863	262
7864	262
7865	262
7866	262
7867	262
7868	262
7869	262
7870	262
7871	262
7872	262
7873	262
7874	262
7875	262
7876	262
7877	262
7878	366
7879	366
7880	366
7881	366
7882	366
7883	366
7884	366
7885	366
7886	366
7887	366
7888	366
7889	366
7890	366
7891	366
7892	366
7893	366
7894	366
7895	366
7896	366
7897	366
7898	366
7899	366
7900	366
7901	366
7902	366
7903	366
7904	366
7905	366
7906	308
7907	308
7908	308
7909	308
7910	308
7911	308
7912	308
7913	308
7914	308
7915	308
7916	308
7917	308
7918	308
7919	308
7920	308
7921	308
7922	308
7923	308
7924	308
7925	308
7926	308
7927	308
7928	308
7929	308
7930	308
7931	296
7932	296
7933	296
7934	296
7935	296
7936	296
7937	296
7938	296
7939	296
7940	296
7941	296
7942	296
7943	296
7944	296
7945	296
7946	296
7947	296
7948	296
7949	296
7950	296
7951	296
7952	296
7953	296
7954	296
7955	296
7956	291
7957	291
7958	291
7959	291
7960	291
7961	291
7962	291
7963	291
7964	291
7965	291
7966	291
7967	291
7968	291
7969	291
7970	291
7971	291
7972	291
7973	291
7974	291
7975	291
7976	291
7977	291
7978	291
7979	291
7980	291
7981	291
7982	291
7983	291
7984	291
7985	339
7986	339
7987	339
7988	339
7989	339
7990	339
7991	339
7992	339
7993	339
7994	339
7995	339
7996	339
7997	339
7998	339
7999	339
8000	339
8001	339
8002	339
8003	339
8004	339
8005	339
8006	339
8007	339
8008	339
8009	339
8010	336
8011	336
8012	336
8013	336
8014	336
8015	336
8016	336
8017	336
8018	336
8019	336
8020	336
8021	336
8022	336
8023	336
8024	336
8025	336
8026	336
8027	336
8028	336
8029	336
8030	336
8031	336
8032	336
8033	336
8034	333
8035	333
8036	333
8037	333
8038	333
8039	333
8040	333
8041	333
8042	333
8043	333
8044	333
8045	333
8046	333
8047	333
8048	333
8049	333
8050	333
8051	333
8052	333
8053	333
8054	333
8055	333
8056	333
8057	333
8058	333
8059	333
8060	333
8061	333
8062	333
8063	329
8064	329
8065	329
8066	329
8067	329
8068	329
8069	329
8070	329
8071	329
8072	329
8073	329
8074	329
8075	329
8076	329
8077	329
8078	329
8079	329
8080	329
8081	329
8082	329
8083	329
8084	329
8085	329
8086	329
8087	329
8088	22
8089	22
8090	22
8091	22
8092	22
8093	22
8094	22
8095	22
8096	22
8097	22
8098	22
8099	22
8100	22
8101	22
8102	22
8103	22
8104	22
8105	22
8106	22
8107	22
8108	22
8109	22
8110	22
8111	22
8112	22
8113	22
8114	22
8115	22
8116	22
8117	22
8118	22
8119	22
8120	22
8121	22
8122	22
8123	22
8124	22
8125	22
8126	22
8127	22
8128	22
8129	22
8130	22
8131	22
8132	22
8133	22
8134	22
8135	22
8136	22
8137	22
8138	22
8139	22
8140	22
8141	22
8142	22
8143	22
8144	22
8145	22
8146	22
8147	22
8148	22
8149	22
8150	22
8151	22
8152	22
8153	22
8154	22
8155	22
8156	22
8157	22
8158	22
8159	22
8160	22
8161	22
8162	22
8163	22
8164	22
8165	22
8166	60
8167	193
8168	193
8169	193
8170	193
8171	193
8172	193
8173	193
8174	193
8175	193
8176	193
8177	193
8178	193
8179	193
8180	193
8181	193
8182	193
8183	193
8184	193
8185	193
8186	193
8187	193
8188	193
8189	193
8190	193
8191	252
8192	252
8193	252
8194	252
8195	252
8196	252
8197	252
8198	252
8199	252
8200	252
8201	252
8202	252
8203	252
8204	252
8205	252
8206	252
8207	252
8208	252
8209	252
8210	252
8211	252
8212	252
8213	252
8214	252
8215	252
8216	385
8217	385
8218	385
8219	385
8220	385
8221	385
8222	385
8223	385
8224	385
8225	385
8226	385
8227	385
8228	385
8229	385
8230	385
8231	385
8232	385
8233	385
8234	385
8235	385
8236	385
8237	385
8238	385
8239	385
8240	385
8241	385
8242	385
8243	385
8244	385
8245	527
8246	527
8247	527
8248	527
8249	527
8250	527
8251	527
8252	527
8253	527
8254	527
8255	527
8256	527
8257	527
8258	527
8259	527
8260	527
8261	527
8262	527
8263	527
8264	527
8265	527
8266	527
8267	527
8268	527
8269	527
8270	473
8271	473
8272	473
8273	473
8274	473
8275	473
8276	473
8277	473
8278	473
8279	473
8280	473
8281	473
8282	473
8283	473
8284	473
8285	473
8286	473
8287	473
8288	473
8289	473
8290	473
8291	473
8292	473
8293	473
8294	471
8295	471
8296	471
8297	471
8298	471
8299	471
8300	471
8301	471
8302	471
8303	471
8304	471
8305	471
8306	471
8307	471
8308	471
8309	471
8310	471
8311	471
8312	471
8313	471
8314	471
8315	471
8316	471
8317	471
8318	471
8319	471
8320	471
8321	471
8322	471
8323	467
8324	467
8325	467
8326	467
8327	467
8328	467
8329	467
8330	467
8331	467
8332	467
8333	467
8334	467
8335	467
8336	467
8337	467
8338	467
8339	467
8340	467
8341	467
8342	467
8343	467
8344	467
8345	467
8346	467
8347	467
8348	467
8349	467
8350	467
8351	467
8352	467
8353	467
8354	467
8355	467
8356	467
8357	467
8358	467
8359	467
8360	467
8361	467
8362	467
8363	467
8364	467
8365	467
8366	467
8367	467
8368	467
8369	467
8370	467
8371	467
8372	467
8373	22
8374	22
8375	22
8376	22
8377	22
8378	22
8379	22
8380	22
8381	22
8382	22
8383	22
8384	22
8385	22
8386	22
8387	22
8388	22
8389	22
8390	22
8391	22
8392	22
8393	22
8394	22
8395	22
8396	44
