	Rescaled to 1000 kWh per week		Production of food	Metal company	Restaurant (high cooling load)	Sport hall	Repair / metal shop	G0 SLP
Time	Weekday nb	Weekday	power in W	power in W	power in W	power in W	power in W	
00:00:00	1	Mo	2858.229528	5710.782861	2078.636141	373.094089	2360.814754	2906.61093
00:15:00	1	Mo	2657.048264	5135.380852	1994.350644	366.3439429	2451.342197	3232.309191
00:30:00	1	Mo	2367.661355	5485.813844	3850.792865	345.7454605	2407.853463	3089.199391
00:45:00	1	Mo	2328.255156	6247.616351	3136.260361	291.1974577	2368.875311	2941.154709
01:00:00	1	Mo	2700.407715	5385.071319	2413.3874	325.3197407	2412.823266	2812.849358
01:15:00	1	Mo	3279.277705	5652.450796	3856.249242	348.6889027	2443.787821	2704.283138
01:30:00	1	Mo	2905.123999	5675.557575	2403.115937	336.1733002	2418.818209	2620.391132
01:45:00	1	Mo	2574.255651	6064.093574	2199.406983	333.1404301	2388.552946	2551.303574
02:00:00	1	Mo	2335.695447	5542.623541	3677.488907	346.1183563	2430.188667	2492.08578
02:15:00	1	Mo	2539.222846	5082.432689	2194.677077	356.0629087	2424.721947	2437.802671
02:30:00	1	Mo	2868.010647	5376.565985	2162.335775	321.0574299	2433.678423	2393.389326
02:45:00	1	Mo	2644.146112	5441.036659	3863.784569	331.6894108	2419.975764	2363.780429
03:00:00	1	Mo	2358.093598	5208.654693	2135.901201	308.2054894	2390.096087	2353.910664
03:15:00	1	Mo	2650.898549	5495.399943	3093.801857	317.1458738	2435.124448	2363.780429
03:30:00	1	Mo	2848.057351	5665.497002	4215.728225	371.3128488	2452.373886	2403.258892
03:45:00	1	Mo	2566.336197	4574.604194	2582.236553	361.0613919	2377.203413	2477.281332
04:00:00	1	Mo	2924.825294	5045.590739	1861.751878	321.6333374	2443.149066	2580.912669
04:15:00	1	Mo	3104.956304	5219.058255	3841.751207	317.9645894	2433.24428	2719.087587
04:30:00	1	Mo	2434.050977	5080.728036	2595.746874	339.2557537	2371.235943	2872.067151
04:45:00	1	Mo	2846.244727	5425.955428	2069.203839	320.6780573	2402.65333	3020.111833
05:00:00	1	Mo	2472.254068	5336.723128	4566.500154	306.3772804	2457.54926	3133.612736
05:15:00	1	Mo	2557.698317	5228.076911	2909.274383	348.7609391	2601.95005	3207.635177
05:30:00	1	Mo	2684.162463	4984.547632	3720.182164	369.3517214	2521.539033	3256.983404
05:45:00	1	Mo	2436.663125	5914.132603	3914.941568	346.17979	2460.204753	3311.266514
06:00:00	1	Mo	2647.099639	6385.081627	3015.93396	329.1200158	2356.735599	3409.962968
06:15:00	1	Mo	3395.224898	7663.611089	4153.605082	296.0274242	2471.414683	3577.746981
06:30:00	1	Mo	7261.978202	9001.116094	4987.266787	319.6007733	2309.989513	3804.748788
06:45:00	1	Mo	7856.570547	9135.09304	5890.562101	313.9189876	2393.975741	4090.968586
07:00:00	1	Mo	7745.591616	9430.869895	2305.837921	365.9017933	2280.753064	4426.536611
07:15:00	1	Mo	10993.17792	9405.430923	1892.78166	316.3028102	4424.107692	4816.387548
07:30:00	1	Mo	14371.49731	10322.53547	3993.872782	341.6785811	6373.289062	5295.065374
07:45:00	1	Mo	10085.97615	10811.42153	1847.710307	327.188034	8353.760675	5916.853197
08:00:00	1	Mo	13174.83793	11140.1539	2527.623876	326.7029456	17194.16915	6731.099048
08:15:00	1	Mo	8577.937847	11061.9278	4400.576651	354.4637865	13158.49327	7752.607375
08:30:00	1	Mo	10670.40099	10585.60185	2487.981593	876.1409704	10008.49661	8858.007906
08:45:00	1	Mo	9659.981153	10294.49868	1999.877528	587.8174852	10001.4334	9894.320681
09:00:00	1	Mo	9052.317877	9533.336331	3657.357615	584.4353476	10197.86538	10698.69697
09:15:00	1	Mo	7805.550436	9764.062784	4333.969155	2924.413298	10560.01668	11162.57034
09:30:00	1	Mo	6794.620656	9175.414355	2078.636141	3413.258065	11930.49149	11350.09369
09:45:00	1	Mo	8138.408254	8875.084676	1994.350644	3657.595243	10736.90424	11369.83302
10:00:00	1	Mo	7480.548595	9153.823635	3850.792865	4651.261272	10524.45849	11345.1588
10:15:00	1	Mo	7435.555277	7509.946631	3136.260361	7152.612224	9901.991326	11350.09369
10:30:00	1	Mo	7609.673294	7447.105571	2413.3874	6917.727913	11095.83541	11409.31148
10:45:00	1	Mo	11004.65829	7687.516073	3856.249242	9331.430379	9865.233884	11498.13837
11:00:00	1	Mo	9674.419301	7196.57938	2403.115937	9900.137655	9957.469628	11621.50884
11:15:00	1	Mo	11345.22602	6796.631436	2199.406983	12130.90609	10071.1084	11749.81439
11:30:00	1	Mo	10272.35071	7517.147744	3677.488907	12211.51549	10993.37766	11843.57596
11:45:00	1	Mo	12779.46435	6894.474657	2194.677077	8561.038395	14489.4601	11863.31529
12:00:00	1	Mo	11218.62261	6567.144791	2162.335775	6389.942123	11146.22923	11759.68395
12:15:00	1	Mo	12305.34078	6910.512471	3863.784569	6264.392355	12471.86878	11498.13837
12:30:00	1	Mo	11042.78241	7276.288335	2135.901201	6689.377591	11314.7355	11108.28723
12:45:00	1	Mo	9209.958809	6181.008055	3093.801857	6506.091988	10432.85016	10644.41386
13:00:00	1	Mo	15100.55329	6216.985062	4215.728225	7352.347943	10663.42258	10145.9967
13:15:00	1	Mo	14600.70397	6330.832894	2582.236553	8573.515305	17155.10331	9657.449309
13:30:00	1	Mo	11248.15024	7041.581481	1301.898371	6218.971461	11521.92298	9213.315064
13:45:00	1	Mo	12107.36865	7035.57834	2801.065068	6142.23624	11688.28377	8843.203458
14:00:00	1	Mo	10474.05763	7302.813051	1537.733131	7783.506002	10445.923	8576.72299
14:15:00	1	Mo	9777.161813	7555.749132	4603.807133	7506.985167	10321.12047	8438.547874
14:30:00	1	Mo	10208.72673	7221.23542	8004.263861	7728.932764	11607.71015	8423.743426
14:45:00	1	Mo	14720.79994	7054.966359	11249.24482	7308.410859	17651.92009	8522.439881
15:00:00	1	Mo	10333.65467	7178.936522	9546.705195	7339.927837	14067.70566	8714.897908
15:15:00	1	Mo	9215.782643	7555.796945	10448.23416	4833.323288	10828.34454	8986.313258
15:30:00	1	Mo	10793.2297	6666.431023	11436.49457	4081.468581	9875.737015	9287.337504
15:45:00	1	Mo	10343.84256	7050.563613	8448.667595	3651.830027	10801.86661	9568.62242
16:00:00	1	Mo	9094.158104	6879.123484	9634.368324	5962.6617	12558.77278	9775.885094
16:15:00	1	Mo	12257.08142	6901.829168	9083.422593	6425.79232	11452.89456	9874.581549
16:30:00	1	Mo	10221.49874	6682.915753	9835.980396	9049.258319	13687.47561	9904.190446
16:45:00	1	Mo	8342.341785	7073.108593	10278.66424	12504.42964	9793.076696	9914.060012
17:00:00	1	Mo	8717.304782	7735.075687	10406.87443	11620.49041	12528.34763	9958.473555
17:15:00	1	Mo	12310.68396	7270.360233	11627.51667	11908.73281	14609.48675	10067.03958
17:30:00	1	Mo	9730.521891	7675.790027	10364.73871	12497.01519	11967.58692	10155.86647
17:45:00	1	Mo	8890.33497	7745.419151	11915.79499	11287.28921	10639.09588	10141.06202
18:00:00	1	Mo	7134.136649	7746.873452	9190.551473	11240.09588	6474.21661	9914.060012
18:15:00	1	Mo	6949.219743	7940.019847	9617.113978	11751.99845	2481.558264	9410.708172
18:30:00	1	Mo	6503.090146	6783.862146	10933.91203	11742.38706	2324.596557	8714.897908
18:45:00	1	Mo	6809.249025	7553.280805	11266.69153	11012.1524	2428.086795	7920.391388
19:00:00	1	Mo	7979.114773	7853.395328	4624.919824	11538.27898	2343.964638	7145.624198
19:15:00	1	Mo	6536.687586	7025.701049	5401.37801	14462.08931	2431.231217	6479.423029
19:30:00	1	Mo	7237.297818	7264.6785	3998.804633	13934.27013	2409.529178	5926.722763
19:45:00	1	Mo	6596.384003	7325.888619	5472.842774	13765.8188	2358.197437	5492.458283
20:00:00	1	Mo	3546.012763	7199.569661	3772.710186	14063.83532	2391.182083	5161.82514
20:15:00	1	Mo	3446.775123	7695.860039	3455.435391	11556.44165	2418.832585	4934.823333
20:30:00	1	Mo	3710.99463	8238.414443	5611.017331	10474.57445	2460.089109	4771.974203
20:45:00	1	Mo	3464.588641	7898.709077	4024.647433	11601.01203	2406.583299	4643.668653
21:00:00	1	Mo	3506.776829	7662.661477	3973.788358	11888.76699	2441.199096	4520.298184
21:15:00	1	Mo	3394.885641	7477.915494	3826.3757	8662.936995	2423.765012	4367.318619
21:30:00	1	Mo	3210.12414	8153.669225	2993.986185	6241.02636	2404.030991	4204.469489
21:45:00	1	Mo	2962.81842	8338.99228	4091.084163	6335.640238	4509.082801	4051.489924
22:00:00	1	Mo	3164.277586	8487.145005	3878.849925	5328.361988	5047.919129	3918.249691
22:15:00	1	Mo	3651.50457	7678.073744	2882.567968	4674.867149	2444.394951	3829.422802
22:30:00	1	Mo	3475.0988	7143.274945	4573.945003	4501.669619	2360.713965	3770.205009
22:45:00	1	Mo	3182.300007	6177.043592	3040.062983	2244.283166	2419.134951	3730.726347
23:00:00	1	Mo	2992.325249	5429.75454	2857.248064	591.6561173	2404.865095	3686.313002
23:15:00	1	Mo	3102.545842	5537.664642	4324.483666	544.1286311	2452.255208	3636.964775
23:30:00	1	Mo	2977.31495	5862.832314	2559.056936	301.8196514	2449.954952	3567.877217
23:45:00	1	Mo	3017.39945	5595.199165	2692.531746	303.0459258	2388.475638	3479.050526
00:00:00	2	Di	1800.379588	5796.484331	4615.751415	309.3666599	2419.831689	3365.549425
00:15:00	2	Di	1681.73883	5975.693347	2651.195043	339.0779296	2395.258683	3232.309191
00:30:00	2	Di	1659.452455	5921.094652	2542.994899	368.9391731	2364.839761	3089.199391
00:45:00	2	Di	1597.854354	5841.289407	4919.23121	314.2840872	2410.564221	2941.154709
01:00:00	2	Di	1665.713522	6134.818405	2995.658189	311.8553348	2379.603339	2812.849358
01:15:00	2	Di	1637.786635	6711.910124	2709.278071	297.5228216	2432.383022	2704.283138
01:30:00	2	Di	2622.093798	6950.104644	4869.726041	298.0852478	2374.105632	2620.391132
01:45:00	2	Di	2445.08191	6856.205965	2821.773869	342.7328364	2388.02089	2551.303574
02:00:00	2	Di	1921.870802	6748.881899	3161.667075	345.3049181	2427.085295	2492.08578
02:15:00	2	Di	1595.820832	6870.768229	4616.152451	335.0002315	2417.06231	2437.802671
02:30:00	2	Di	1674.12753	7133.028435	2795.442	306.1318336	2363.962371	2393.389326
02:45:00	2	Di	1666.292253	6815.164804	2965.884091	290.7550442	2454.714553	2363.780429
03:00:00	2	Di	1923.973004	6207.18281	3755.005082	277.8751096	2380.728629	2353.910664
03:15:00	2	Di	2064.326501	6856.921162	3507.025216	337.5690748	2457.87383	2363.780429
03:30:00	2	Di	2079.813414	6910.821261	3928.145609	364.4130885	2371.224123	2403.258892
03:45:00	2	Di	1635.464596	6000.470247	3468.919017	338.9792663	2399.929953	2477.281332
04:00:00	2	Di	1598.021222	5837.745961	3095.372379	271.1222768	2431.416183	2580.912669
04:15:00	2	Di	1670.877418	6279.826786	4040.862915	293.130519	2379.164883	2719.087587
04:30:00	2	Di	1699.756368	5913.016311	2749.842656	291.5519546	3601.60315	2872.067151
04:45:00	2	Di	2671.67727	6567.880574	2770.770927	310.3867801	4505.240683	3020.111833
05:00:00	2	Di	2089.047434	6496.325663	4599.243714	359.0579494	2445.22586	3133.612736
05:15:00	2	Di	1979.51045	6459.5126	3883.54906	336.3732894	2540.942575	3207.635177
05:30:00	2	Di	1668.695285	6708.889296	3950.198127	302.6163459	2503.413163	3256.983404
05:45:00	2	Di	1596.839026	7779.78713	3821.133291	282.5005051	2426.78213	3311.266514
06:00:00	2	Di	1913.795307	7651.80934	4942.429371	293.9542721	2420.311354	3409.962968
06:15:00	2	Di	2741.267325	8649.049172	4431.006101	325.5253912	2381.414185	3577.746981
06:30:00	2	Di	4179.540212	9963.025718	5563.177033	409.4440798	2384.327	3804.748788
06:45:00	2	Di	5988.409918	10731.20855	5904.99289	351.0623864	2276.862229	4090.968586
07:00:00	2	Di	6415.472787	10610.58594	2922.504915	416.1056376	2500.700169	4426.536611
07:15:00	2	Di	12099.37765	10947.28309	3870.589961	386.361912	6702.932989	4816.387548
07:30:00	2	Di	15591.72716	11102.20131	3015.81801	526.1752743	6934.395425	5295.065374
07:45:00	2	Di	16055.03698	11357.93907	2830.940241	426.3702639	9847.926305	5916.853197
08:00:00	2	Di	14999.9771	11870.60992	4527.314335	555.1838589	14007.59139	6731.099048
08:15:00	2	Di	16568.27653	11725.91697	4356.838825	738.2125492	12630.51531	7752.607375
08:30:00	2	Di	16793.01639	10562.37621	5040.704477	694.3582248	13888.2586	8858.007906
08:45:00	2	Di	19649.20167	10507.8572	6233.694776	455.1081663	14989.42673	9894.320681
09:00:00	2	Di	16668.75252	9910.097144	6342.679264	1296.525471	13212.39217	10698.69697
09:15:00	2	Di	15285.78992	10651.93921	5696.705844	3427.350433	12326.57686	11162.57034
09:30:00	2	Di	12690.47213	9104.049366	8748.205088	3335.661958	13203.07167	11350.09369
09:45:00	2	Di	11628.08957	9125.577664	6527.916907	3559.142109	17399.13193	11369.83302
10:00:00	2	Di	10003.51855	9062.603791	12098.44179	4266.49937	13364.25725	11345.1588
10:15:00	2	Di	10575.61551	6700.586502	14136.4084	11529.34464	12737.84032	11350.09369
10:30:00	2	Di	10830.62859	7702.383142	11206.34697	11933.55306	11782.24011	11409.31148
10:45:00	2	Di	15101.88994	7221.602647	13662.3834	12093.30034	11122.24306	11498.13837
11:00:00	2	Di	13831.19111	6401.845264	13370.71177	11861.40131	14189.92634	11621.50884
11:15:00	2	Di	12343.17192	6193.125235	10786.70804	11939.39543	12547.6122	11749.81439
11:30:00	2	Di	7947.090482	6302.304031	11687.17002	11802.2162	16067.14156	11843.57596
11:45:00	2	Di	11501.19063	6293.940143	10950.54689	11937.28754	12981.89705	11863.31529
12:00:00	2	Di	16787.07706	4407.614624	11401.36802	12007.31375	13016.30393	11759.68395
12:15:00	2	Di	16269.53714	5198.151522	10189.17118	10286.9303	12464.83177	11498.13837
12:30:00	2	Di	15174.32694	5657.999717	12702.87942	9391.48443	10882.08627	11108.28723
12:45:00	2	Di	12519.27027	5810.996126	8788.792089	9116.249361	10236.41498	10644.41386
13:00:00	2	Di	14903.18325	5603.796804	10969.41598	9043.723005	11187.34343	10145.9967
13:15:00	2	Di	10196.12626	6324.443932	9604.265327	9080.911166	14169.31749	9657.449309
13:30:00	2	Di	10392.42036	6223.62504	11677.80354	9048.178277	10626.1029	9213.315064
13:45:00	2	Di	12230.03006	6159.501672	8519.758628	9036.895785	10581.22548	8843.203458
14:00:00	2	Di	14025.73585	6828.967379	9937.286098	9311.722481	12012.96269	8576.72299
14:15:00	2	Di	14812.1419	6239.494182	7688.603401	11002.79587	12615.65414	8438.547874
14:30:00	2	Di	16043.21947	6345.530627	11055.31683	9282.888338	11233.98681	8423.743426
14:45:00	2	Di	14307.19906	6977.999325	9259.656888	9176.018625	11994.0214	8522.439881
15:00:00	2	Di	17376.71431	8166.548751	9564.930343	10932.13023	17888.1335	8714.897908
15:15:00	2	Di	11022.66309	7014.411294	8647.813945	11071.84797	14218.60342	8986.313258
15:30:00	2	Di	8383.878847	7046.974346	10382.59216	9620.135659	11546.24649	9287.337504
15:45:00	2	Di	10163.08207	6883.696231	11588.09447	9486.294819	11398.13184	9568.62242
16:00:00	2	Di	8662.538837	6561.572628	10560.46728	9796.273177	13426.35983	9775.885094
16:15:00	2	Di	9190.56811	7621.395863	8813.527556	9765.98516	11143.87163	9874.581549
16:30:00	2	Di	10925.73507	7780.572054	10597.09364	7637.690276	11055.64891	9904.190446
16:45:00	2	Di	7144.285473	7417.492956	9486.748627	11046.11502	9798.615454	9914.060012
17:00:00	2	Di	6978.477756	7401.836314	10739.11758	12728.72922	11934.12947	9958.473555
17:15:00	2	Di	6997.397572	7512.180543	13523.41859	12488.62202	20918.76351	10067.03958
17:30:00	2	Di	6470.056578	7884.116266	12296.27662	13635.65947	21467.75924	10155.86647
17:45:00	2	Di	6902.386628	8086.40749	12073.85223	15023.24473	18100.56903	10141.06202
18:00:00	2	Di	6432.006343	7584.77073	10402.94884	13106.73491	10120.41861	9914.060012
18:15:00	2	Di	6237.571571	7585.978663	11771.31104	14612.38794	12637.99317	9410.708172
18:30:00	2	Di	5496.771537	6550.340646	11582.65277	14212.75684	11867.1558	8714.897908
18:45:00	2	Di	5522.618726	7301.876057	10936.46334	15162.04747	8763.585928	7920.391388
19:00:00	2	Di	5129.530767	7598.990337	8274.114066	14788.89929	2397.487859	7145.624198
19:15:00	2	Di	7677.542439	7397.573686	5579.250277	15040.67279	2455.984557	6479.423029
19:30:00	2	Di	7617.901221	6754.176483	5010.58151	14162.54522	2464.299721	5926.722763
19:45:00	2	Di	7139.107883	7058.129297	4171.326896	14580.95847	2453.095062	5492.458283
20:00:00	2	Di	8608.975364	7096.682872	5870.272269	13992.55251	2445.866054	5161.82514
20:15:00	2	Di	5225.577315	7456.345361	4875.162448	12791.25732	2441.436293	4934.823333
20:30:00	2	Di	5172.010869	7182.913602	4351.77574	13284.39462	2426.895857	4771.974203
20:45:00	2	Di	5126.793786	7341.415104	6052.158976	13624.48598	2543.367099	4643.668653
21:00:00	2	Di	5415.814901	7134.855275	3852.785413	13608.67452	2408.53231	4520.298184
21:15:00	2	Di	5880.135698	7623.358173	4823.253505	6487.679834	2312.796748	4367.318619
21:30:00	2	Di	4771.461389	7439.656763	4555.260946	1693.820319	2337.641452	4204.469489
21:45:00	2	Di	4321.624597	7332.284885	4239.774105	1208.166071	2366.484649	4051.489924
22:00:00	2	Di	4194.463679	7160.850069	5101.773677	1109.113713	6643.761756	3918.249691
22:15:00	2	Di	3900.763032	5691.39949	3438.256851	1164.371669	2362.541423	3829.422802
22:30:00	2	Di	3860.775341	5423.592356	3679.81932	1031.996122	2462.529925	3770.205009
22:45:00	2	Di	3848.846163	5434.141348	5112.635486	599.8088747	2382.671411	3730.726347
23:00:00	2	Di	3636.356064	5416.725268	3695.172818	576.4831312	2389.447268	3686.313002
23:15:00	2	Di	3679.759249	5289.728632	3266.413986	503.2769997	2475.170867	3636.964775
23:30:00	2	Di	3657.843869	4582.604176	4112.837126	357.7608861	2423.509126	3567.877217
23:45:00	2	Di	3679.420417	4560.756131	5369.101102	328.036399	2295.970112	3479.050526
00:00:00	3	Mi	3436.310184	4406.89179	3417.133768	332.2137438	2346.911476	3365.549425
00:15:00	3	Mi	3840.900171	4663.910206	3526.743246	331.7588804	2351.80445	3232.309191
00:30:00	3	Mi	2066.104519	4575.437263	5527.861786	337.143525	2388.528827	3089.199391
00:45:00	3	Mi	2133.781108	4600.236409	3237.644925	368.5217313	2389.910801	2941.154709
01:00:00	3	Mi	2122.807284	4053.53426	4091.567118	335.4145789	2355.361292	2812.849358
01:15:00	3	Mi	2156.83166	4466.236884	4667.128495	294.2599771	2349.222592	2704.283138
01:30:00	3	Mi	2592.026071	4877.600091	4096.780183	304.1341963	2444.266689	2620.391132
01:45:00	3	Mi	2589.191432	4627.935855	3438.40724	345.6953972	2348.965589	2551.303574
02:00:00	3	Mi	2476.714506	4785.868586	3392.360194	380.6193643	2389.020473	2492.08578
02:15:00	3	Mi	2090.005123	4312.811489	6034.727343	350.8904634	2424.044537	2437.802671
02:30:00	3	Mi	2094.9564	4135.394119	3230.508189	319.2120933	2389.681111	2393.389326
02:45:00	3	Mi	2516.099263	4632.764598	3596.241546	302.0935721	2409.255882	2363.780429
03:00:00	3	Mi	2678.253497	4505.973823	5627.360786	300.9307464	2400.400994	2353.910664
03:15:00	3	Mi	3008.450126	4341.110586	2917.447537	361.8156034	2379.928387	2363.780429
03:30:00	3	Mi	2111.101234	4543.224836	2670.636545	330.6748079	3600.206481	2403.258892
03:45:00	3	Mi	2124.752171	4493.898811	5147.210609	353.9922514	4817.785317	2477.281332
04:00:00	3	Mi	2380.337407	4389.692195	4031.313848	310.2074687	2382.918991	2580.912669
04:15:00	3	Mi	2607.246335	4652.598868	3353.213501	299.1367685	2439.179484	2719.087587
04:30:00	3	Mi	2472.208636	4739.898409	4850.062624	303.9307767	2375.910728	2872.067151
04:45:00	3	Mi	2083.41828	4773.589042	4256.55813	302.338827	2352.361424	3020.111833
05:00:00	3	Mi	2105.215621	4878.564977	3304.934264	325.5031541	2507.823916	3133.612736
05:15:00	3	Mi	2144.366422	4847.600327	4178.726913	350.8181631	2543.050356	3207.635177
05:30:00	3	Mi	2374.574504	4651.857772	5876.938276	313.6490249	2518.399403	3256.983404
05:45:00	3	Mi	2517.815503	5024.9576	4331.053082	280.8320572	2406.253938	3311.266514
06:00:00	3	Mi	2629.616038	5841.497924	4169.31397	330.0167649	2402.386263	3409.962968
06:15:00	3	Mi	3649.384535	7564.024036	6826.861813	324.1415626	2409.28623	3577.746981
06:30:00	3	Mi	4221.305709	8943.534422	5639.016924	333.7801941	2395.686756	3804.748788
06:45:00	3	Mi	5419.663064	9688.209385	6667.228549	365.0291523	2400.517116	4090.968586
07:00:00	3	Mi	5443.779153	10420.55799	3985.042645	356.3690215	2443.124308	4426.536611
07:15:00	3	Mi	5576.769424	10065.39786	3230.280772	347.5738374	4839.215817	4816.387548
07:30:00	3	Mi	9440.445217	10663.30002	4249.388789	345.6217776	5932.917902	5295.065374
07:45:00	3	Mi	12422.62759	10833.12514	2624.348022	299.4873553	8720.451472	5916.853197
08:00:00	3	Mi	9006.132278	10715.61035	2877.429078	705.453177	15195.91141	6731.099048
08:15:00	3	Mi	7681.965937	10716.83688	4160.121108	784.3978023	14064.17501	7752.607375
08:30:00	3	Mi	7715.750626	10565.37446	2179.789824	1213.302223	12214.94684	8858.007906
08:45:00	3	Mi	7171.10415	10875.85635	3086.388594	3496.418273	11778.36062	9894.320681
09:00:00	3	Mi	6828.332737	9876.13358	5041.576649	4495.673349	10819.73068	10698.69697
09:15:00	3	Mi	7357.201023	10117.74471	4471.310665	6282.890099	10648.594	11162.57034
09:30:00	3	Mi	7124.490553	10595.52895	7056.936872	6196.23952	10878.83547	11350.09369
09:45:00	3	Mi	5630.159235	10017.80039	3961.942298	6171.409672	17289.29343	11369.83302
10:00:00	3	Mi	7224.393331	9786.830225	4113.523452	7080.177216	10937.84058	11345.1588
10:15:00	3	Mi	7066.391912	7512.997342	14412.0019	12040.45425	10858.9997	11350.09369
10:30:00	3	Mi	6194.394274	8544.787107	10494.49598	12063.49823	15447.8102	11409.31148
10:45:00	3	Mi	9888.056673	8945.931694	13065.81652	11998.16678	10973.53423	11498.13837
11:00:00	3	Mi	11792.38061	8056.925695	13114.41692	9192.289884	10836.80506	11621.50884
11:15:00	3	Mi	10019.04113	7983.415779	11123.91769	7281.135754	15128.25666	11749.81439
11:30:00	3	Mi	9462.144899	8025.86542	11442.43431	6381.187406	11109.93755	11843.57596
11:45:00	3	Mi	7099.789364	8645.61264	9513.768045	6362.556096	11861.86942	11863.31529
12:00:00	3	Mi	5668.264668	7538.354634	9136.586811	6208.350658	11477.37013	11759.68395
12:15:00	3	Mi	7865.435376	7565.588571	11934.16278	5040.30765	12794.94274	11498.13837
12:30:00	3	Mi	6827.455935	8692.219322	9588.021724	639.1682511	20743.57419	11108.28723
12:45:00	3	Mi	10897.58909	7968.079881	10680.96649	570.2260616	15984.60519	10644.41386
13:00:00	3	Mi	9577.285774	8302.459452	11258.44746	652.3770873	11441.46692	10145.9967
13:15:00	3	Mi	6510.699004	8737.14061	12012.90204	598.5392297	17485.48646	9657.449309
13:30:00	3	Mi	7775.576971	8536.297046	11203.06287	540.2985868	14316.09424	9213.315064
13:45:00	3	Mi	7144.633646	8528.45312	10105.14754	475.6683636	11254.35032	8843.203458
14:00:00	3	Mi	10205.21018	8569.145646	10297.18038	518.461692	13459.34575	8576.72299
14:15:00	3	Mi	11540.57581	8016.481529	10705.21615	755.3123596	10890.14043	8438.547874
14:30:00	3	Mi	7221.72004	7059.192463	9607.351351	1436.643147	11604.54241	8423.743426
14:45:00	3	Mi	6762.163271	6648.803439	11676.25482	3010.074989	11184.00063	8522.439881
15:00:00	3	Mi	11854.59746	6898.394628	9016.618246	5538.659786	10940.93421	8714.897908
15:15:00	3	Mi	7782.733204	6853.05166	10663.1546	6501.351929	12078.76586	8986.313258
15:30:00	3	Mi	11224.06175	6754.008475	11987.72152	7068.457948	11142.72925	9287.337504
15:45:00	3	Mi	5127.537688	6983.262034	9138.345014	6829.977333	13869.73389	9568.62242
16:00:00	3	Mi	4855.993169	6406.501682	10733.17376	8760.226032	10256.91266	9775.885094
16:15:00	3	Mi	9411.594397	6030.646652	10272.24032	12721.42531	10509.78835	9874.581549
16:30:00	3	Mi	9204.690355	5946.82382	9132.893527	12389.22356	10250.59826	9904.190446
16:45:00	3	Mi	7193.608027	6523.129951	11586.04201	12323.67641	9234.820535	9914.060012
17:00:00	3	Mi	6308.754731	6338.085803	9687.988192	12841.472	8891.613712	9958.473555
17:15:00	3	Mi	7168.069948	6306.317635	10516.53505	12707.93668	11374.56737	10067.03958
17:30:00	3	Mi	9810.256099	6593.495523	13589.37114	12596.06131	12307.17939	10155.86647
17:45:00	3	Mi	12735.13341	6588.845745	10559.16881	12712.89627	14821.92356	10141.06202
18:00:00	3	Mi	10623.96912	6536.407251	11463.40558	13127.95963	12847.3862	9914.060012
18:15:00	3	Mi	10083.4175	6052.715498	10518.77336	12884.40734	17191.6646	9410.708172
18:30:00	3	Mi	8848.951614	6147.425664	8586.732519	12669.53644	15926.1866	8714.897908
18:45:00	3	Mi	7826.01283	6604.480473	7558.362761	12619.97654	10252.23261	7920.391388
19:00:00	3	Mi	7312.803846	7068.100221	4665.802711	13052.49942	7935.446152	7145.624198
19:15:00	3	Mi	7667.862375	7161.425148	3864.377157	12870.71836	11953.633	6479.423029
19:30:00	3	Mi	7489.91785	6922.95305	5612.848893	12859.87495	13397.13839	5926.722763
19:45:00	3	Mi	6140.296652	7364.308053	4194.926501	12601.44386	8917.232942	5492.458283
20:00:00	3	Mi	9099.63886	7217.24705	4118.527848	12740.18213	8660.21325	5161.82514
20:15:00	3	Mi	6484.063755	6140.37463	5144.268453	12535.34633	2392.674111	4934.823333
20:30:00	3	Mi	4884.98708	6833.278484	4060.26468	9856.433928	2438.798371	4771.974203
20:45:00	3	Mi	5016.930708	7017.248176	4082.290707	9941.56078	2456.043816	4643.668653
21:00:00	3	Mi	5009.372377	6965.49898	4964.808342	10228.05838	2439.649726	4520.298184
21:15:00	3	Mi	5018.62232	6562.757983	2788.578124	11952.8096	2347.252976	4367.318619
21:30:00	3	Mi	4954.432346	7283.306829	3576.450156	9912.781138	2727.792744	4204.469489
21:45:00	3	Mi	4787.778823	7368.038102	4478.25055	9896.733256	4515.814094	4051.489924
22:00:00	3	Mi	4982.693819	6839.625609	3023.679587	9723.559522	2669.890237	3918.249691
22:15:00	3	Mi	4803.901789	7214.367003	3771.286181	6767.354823	2400.989435	3829.422802
22:30:00	3	Mi	4694.071829	6960.708421	4301.529224	6714.150252	2386.226656	3770.205009
22:45:00	3	Mi	4552.661712	5385.576672	3342.557712	5918.520429	6941.012033	3730.726347
23:00:00	3	Mi	4921.144017	5929.128501	4254.182478	4568.62228	2428.011084	3686.313002
23:15:00	3	Mi	4111.620963	5635.063603	3467.87078	2054.204885	2373.06995	3636.964775
23:30:00	3	Mi	3956.148895	5123.170372	2865.183612	607.7291389	2526.020067	3567.877217
23:45:00	3	Mi	3303.155805	5804.06064	5024.334938	595.8062596	2477.353561	3479.050526
00:00:00	4	Do	2620.621705	5552.75052	3543.743276	579.1266256	2489.946903	3365.549425
00:15:00	4	Do	2656.25893	5317.597415	3088.530715	388.2764784	2470.170874	3232.309191
00:30:00	4	Do	2595.249433	5723.885511	5032.210168	336.1804966	2512.640699	3089.199391
00:45:00	4	Do	2602.369787	5560.425774	2967.157911	340.0886704	2464.778588	2941.154709
01:00:00	4	Do	3009.238398	6103.620668	3459.971096	320.7535959	2489.953931	2812.849358
01:15:00	4	Do	3169.572153	5426.88545	4617.852373	343.6433067	2458.705218	2704.283138
01:30:00	4	Do	2951.866037	5293.811299	3493.677715	297.6954883	2446.914194	2620.391132
01:45:00	4	Do	2979.899924	5422.3562	3433.407327	326.0402249	2447.248187	2551.303574
02:00:00	4	Do	1735.297102	5506.458604	4638.301152	347.7284171	2542.882162	2492.08578
02:15:00	4	Do	2070.527805	5336.277209	3348.05403	363.7204067	2406.651982	2437.802671
02:30:00	4	Do	2167.946664	5172.657433	3541.945948	346.8105824	2418.08697	2393.389326
02:45:00	4	Do	2051.417343	5723.468479	4578.319315	289.3427897	2480.080772	2363.780429
03:00:00	4	Do	1781.790961	5750.128665	3308.809726	274.2644609	2499.765276	2353.910664
03:15:00	4	Do	1734.485476	5597.571866	3132.692197	321.54319	2426.343195	2363.780429
03:30:00	4	Do	1747.954046	5815.995866	4773.599985	372.47649	2428.676354	2403.258892
03:45:00	4	Do	1897.554938	5480.025528	3393.713081	334.8294839	2432.66127	2477.281332
04:00:00	4	Do	2226.011975	5800.61481	3342.805099	310.8882524	5728.963329	2580.912669
04:15:00	4	Do	2930.540005	5747.07729	4583.130529	302.0280845	2460.119298	2719.087587
04:30:00	4	Do	2038.852112	5387.608044	3547.73856	320.9398639	2411.252492	2872.067151
04:45:00	4	Do	1753.744973	5495.018438	3089.652109	328.5792509	2421.994417	3020.111833
05:00:00	4	Do	1701.083778	5620.56841	3920.541405	282.0950094	2562.3817	3133.612736
05:15:00	4	Do	1809.837585	5794.874639	5442.252338	316.5213902	2442.694637	3207.635177
05:30:00	4	Do	2169.817034	5986.791852	4557.730336	335.0252992	2375.787097	3256.983404
05:45:00	4	Do	2148.105251	6116.919882	3990.74804	356.9373488	2375.580887	3311.266514
06:00:00	4	Do	2117.238848	6811.837178	5113.226852	323.47865	2412.880928	3409.962968
06:15:00	4	Do	5183.139673	7688.759201	5147.676855	299.6577192	2403.45453	3577.746981
06:30:00	4	Do	5542.814045	8508.231036	5703.022982	322.1919016	2412.615618	3804.748788
06:45:00	4	Do	6223.617469	9495.383733	6359.454323	323.6816618	2339.136834	4090.968586
07:00:00	4	Do	6840.728977	10645.40349	3331.430786	395.6589282	2490.097048	4426.536611
07:15:00	4	Do	7055.517868	10798.27041	5044.332552	908.0377286	2592.356097	4816.387548
07:30:00	4	Do	9343.5138	11328.06017	3391.602342	707.2536797	6247.05088	5295.065374
07:45:00	4	Do	11698.41121	11842.89985	3081.700055	3267.818858	8531.660278	5916.853197
08:00:00	4	Do	8834.078674	11665.8776	4310.067142	3357.147666	13466.0237	6731.099048
08:15:00	4	Do	10198.77153	12033.73597	3169.623408	3376.461391	12442.04293	7752.607375
08:30:00	4	Do	15579.6396	12046.7928	4453.596594	3434.52078	10753.52627	8858.007906
08:45:00	4	Do	12993.97979	11557.09591	3031.864968	1198.806086	10063.05423	9894.320681
09:00:00	4	Do	11529.24999	9820.251913	3493.348816	1623.994262	10132.62765	10698.69697
09:15:00	4	Do	10519.48574	10060.83241	5022.791926	3807.812507	14712.04289	11162.57034
09:30:00	4	Do	8113.753346	11196.86897	3845.357681	4098.373895	10312.38585	11350.09369
09:45:00	4	Do	7922.982461	10631.23103	6069.071789	4030.080969	10875.22687	11369.83302
10:00:00	4	Do	7538.09483	11339.7902	13071.38294	4575.15742	10490.05609	11345.1588
10:15:00	4	Do	7515.260613	8822.44165	12243.41237	10550.15517	11501.90704	11350.09369
10:30:00	4	Do	9294.33561	9682.870973	11921.38994	12908.15293	11247.37081	11409.31148
10:45:00	4	Do	8865.528903	9680.89007	9438.204478	12650.19393	11734.62175	11498.13837
11:00:00	4	Do	12064.61043	9268.30432	8109.067219	12530.42742	11237.175	11621.50884
11:15:00	4	Do	12744.81432	9663.194087	9882.126479	9800.442894	14101.95919	11749.81439
11:30:00	4	Do	10486.70991	9021.383997	9338.352941	9398.926514	10438.24132	11843.57596
11:45:00	4	Do	9156.069242	7106.659109	12787.89668	9304.786258	10380.94978	11863.31529
12:00:00	4	Do	7300.690815	6524.871792	10433.47325	9392.166077	10379.94413	11759.68395
12:15:00	4	Do	10569.78743	7982.47148	11704.31351	4596.229764	10227.45547	11498.13837
12:30:00	4	Do	10587.81431	9927.176211	10560.18933	3748.195616	10053.63534	11108.28723
12:45:00	4	Do	9578.42965	8261.193174	11123.25337	3623.462597	11262.84534	10644.41386
13:00:00	4	Do	11143.48004	6024.069761	8864.184482	3574.877953	9806.412138	10145.9967
13:15:00	4	Do	12356.9842	7630.749872	10511.74218	4593.323168	14548.90479	9657.449309
13:30:00	4	Do	12142.06963	9165.442103	10818.50974	4456.107483	12075.9278	9213.315064
13:45:00	4	Do	11049.2372	8851.082739	8253.785923	6876.656359	10266.42164	8843.203458
14:00:00	4	Do	9378.528984	7435.766011	9135.099227	7214.259089	10700.31739	8576.72299
14:15:00	4	Do	8795.751599	7316.905158	9721.543199	4634.324485	11695.94948	8438.547874
14:30:00	4	Do	10345.58427	7400.548029	10637.09295	4360.756304	9455.832871	8423.743426
14:45:00	4	Do	11048.82194	7935.129679	8455.758276	4220.820171	9536.805175	8522.439881
15:00:00	4	Do	10318.29938	6801.451878	11118.01707	6362.733801	10711.60383	8714.897908
15:15:00	4	Do	8729.341384	7967.141558	8730.177199	9399.08925	9615.378351	8986.313258
15:30:00	4	Do	9117.147725	7279.233459	11284.77159	6937.585498	9609.773147	9287.337504
15:45:00	4	Do	9253.344586	6419.717224	10214.85707	6744.279372	11504.15474	9568.62242
16:00:00	4	Do	10077.2421	5532.203378	12143.01063	6933.626877	8505.317157	9775.885094
16:15:00	4	Do	11098.51729	6264.702059	9165.711671	9827.174523	9484.19177	9874.581549
16:30:00	4	Do	9773.740374	6150.270515	11271.45343	9736.632106	8448.522051	9904.190446
16:45:00	4	Do	10134.28051	6196.235711	10742.17752	9721.014092	8567.619075	9914.060012
17:00:00	4	Do	12312.91397	6306.320956	12334.71172	9979.442102	9753.909266	9958.473555
17:15:00	4	Do	11626.83784	6213.972202	10951.14355	12232.1192	10116.84196	10067.03958
17:30:00	4	Do	8412.097011	6122.130794	15052.40809	12719.06104	10310.16882	10155.86647
17:45:00	4	Do	8314.011527	6168.148452	11917.89391	12685.58125	5971.950522	10141.06202
18:00:00	4	Do	7199.15587	6540.946794	12767.02241	13717.68436	2405.752709	9914.060012
18:15:00	4	Do	9404.253038	7470.663913	14117.32168	15407.99934	2376.596124	9410.708172
18:30:00	4	Do	8900.080422	6125.048692	12829.56208	15908.03832	2420.699655	8714.897908
18:45:00	4	Do	9687.868976	6679.053555	12952.01919	16195.03181	2403.531999	7920.391388
19:00:00	4	Do	9618.670828	6636.370164	12737.4737	15055.00581	2373.091833	7145.624198
19:15:00	4	Do	9365.987106	6803.972002	11030.94653	15024.62491	2464.299881	6479.423029
19:30:00	4	Do	8950.916256	6883.024862	10421.89047	14504.98243	2373.601208	5926.722763
19:45:00	4	Do	9210.428419	7103.235194	10628.67363	13974.0728	2445.776765	5492.458283
20:00:00	4	Do	10893.05605	6308.881587	8473.92066	15400.46591	2386.838736	5161.82514
20:15:00	4	Do	7346.192806	7079.773805	9512.740186	13903.95524	2499.41531	4934.823333
20:30:00	4	Do	6581.713598	6900.797876	6270.869707	14191.45382	2410.086951	4771.974203
20:45:00	4	Do	6351.684486	7208.836013	7459.918927	14703.87453	2364.330067	4643.668653
21:00:00	4	Do	6164.260309	6966.69496	5066.457207	14159.12624	2429.329486	4520.298184
21:15:00	4	Do	6125.449188	6766.950422	6085.470264	13516.83022	2373.073304	4367.318619
21:30:00	4	Do	6021.205285	6393.122781	3924.617386	13279.54479	2332.799272	4204.469489
21:45:00	4	Do	6520.399025	6442.392361	5966.539747	13534.38264	2339.792361	4051.489924
22:00:00	4	Do	6851.982189	6011.36422	4055.377661	13536.69318	7197.783186	3918.249691
22:15:00	4	Do	5782.938481	5913.392835	4417.147115	6371.462034	2417.150001	3829.422802
22:30:00	4	Do	4821.400464	5449.247148	5943.95985	4989.980891	2413.768062	3770.205009
22:45:00	4	Do	4637.679661	4495.568268	3946.536225	4460.945413	2380.489036	3730.726347
23:00:00	4	Do	4329.771425	4848.616677	5484.820475	3791.322476	2400.892799	3686.313002
23:15:00	4	Do	4048.420311	4967.836124	3683.68011	3835.094521	2365.633134	3636.964775
23:30:00	4	Do	3746.81316	4907.351828	5000.952561	2182.560882	2383.85596	3567.877217
23:45:00	4	Do	3742.835069	4659.503475	3770.157247	367.8543809	2409.349163	3479.050526
00:00:00	5	Fr	3683.052882	4908.01224	4004.380016	347.9793332	2407.522345	3365.549425
00:15:00	5	Fr	3730.936887	5078.173381	4749.645805	349.9377259	2445.599626	3232.309191
00:30:00	5	Fr	3710.641362	4805.914028	3842.400038	311.0156055	2387.395871	3089.199391
00:45:00	5	Fr	4379.698611	4714.905688	5296.052571	318.0288057	2372.120362	2941.154709
01:00:00	5	Fr	3719.689194	3985.183791	3373.518821	318.4284004	2477.536451	2812.849358
01:15:00	5	Fr	2405.856803	4452.016945	5158.698427	365.7472616	2417.339759	2704.283138
01:30:00	5	Fr	2514.131023	5022.461382	4282.087111	364.4174544	2428.974568	2620.391132
01:45:00	5	Fr	2787.330002	4931.963376	3483.249954	346.2533856	2360.817949	2551.303574
02:00:00	5	Fr	2856.510317	5189.54857	5276.960549	325.6010978	2474.729216	2492.08578
02:15:00	5	Fr	2449.828955	5150.962455	3476.760012	302.5541207	2391.138637	2437.802671
02:30:00	5	Fr	2627.410445	5438.869817	3756.910005	312.9221119	2350.135283	2393.389326
02:45:00	5	Fr	2793.896463	5472.812463	5798.581311	349.9180316	2397.532902	2363.780429
03:00:00	5	Fr	2746.462536	5010.727368	3224.643439	340.0440764	2405.670129	2353.910664
03:15:00	5	Fr	2393.106659	5030.644313	5191.736651	339.2647013	2446.199887	2363.780429
03:30:00	5	Fr	2852.701217	5518.82182	4671.583504	348.8553085	2347.293387	2403.258892
03:45:00	5	Fr	3409.218276	5524.705761	3114.320329	321.3241062	2346.531161	2477.281332
04:00:00	5	Fr	2474.745205	5373.449864	5112.958272	321.7998872	2454.469688	2580.912669
04:15:00	5	Fr	2769.009298	5199.122384	3543.549278	333.9064198	2378.726268	2719.087587
04:30:00	5	Fr	2441.058387	5217.231415	3754.330167	287.005672	2380.620013	2872.067151
04:45:00	5	Fr	2812.29869	5157.518761	5073.707244	354.4436604	2344.895218	3020.111833
05:00:00	5	Fr	2748.417826	5392.563956	3088.259485	344.8626245	5599.991867	3133.612736
05:15:00	5	Fr	2306.970734	5408.107707	4164.716316	355.3850755	2546.952213	3207.635177
05:30:00	5	Fr	3148.810628	5806.739475	7091.896321	299.8856786	2508.024216	3256.983404
05:45:00	5	Fr	4080.463709	5895.275171	4413.458314	333.4693316	2423.785297	3311.266514
06:00:00	5	Fr	3527.862749	6480.681639	3164.22572	332.2150391	2457.559643	3409.962968
06:15:00	5	Fr	4354.205115	7311.40073	6956.977739	329.0050166	2389.969741	3577.746981
06:30:00	5	Fr	5814.932201	8906.420538	6775.870282	377.254954	2419.74831	3804.748788
06:45:00	5	Fr	5137.388867	9021.461693	7473.660944	348.0487789	2320.764502	4090.968586
07:00:00	5	Fr	5540.702078	9417.911346	3802.346122	361.3807942	2457.116874	4426.536611
07:15:00	5	Fr	7762.678428	9955.591519	5578.309228	364.0287983	2562.652121	4816.387548
07:30:00	5	Fr	7737.574291	11029.61178	3016.986273	335.3931815	9959.28287	5295.065374
07:45:00	5	Fr	7555.389696	10843.81591	3429.610116	1615.802596	8577.70116	5916.853197
08:00:00	5	Fr	8395.007651	11469.38498	4911.796958	3415.080014	9655.349538	6731.099048
08:15:00	5	Fr	10749.46178	11236.28251	3458.053132	3454.571805	15278.36344	7752.607375
08:30:00	5	Fr	11645.83281	10747.72715	4821.833168	3446.585861	11466.45746	8858.007906
08:45:00	5	Fr	11961.52654	11232.23437	4476.771525	3419.74331	12706.28556	9894.320681
09:00:00	5	Fr	10153.74169	10485.82089	3411.43734	3560.811685	13427.30031	10698.69697
09:15:00	5	Fr	9422.073561	10340.66642	5278.023051	3651.114604	10479.49673	11162.57034
09:30:00	5	Fr	12361.42298	10053.75482	4519.642476	4364.609377	10258.50484	11350.09369
09:45:00	5	Fr	11672.32624	9462.485992	9177.006714	6647.813224	15321.91447	11369.83302
10:00:00	5	Fr	10748.70174	8550.348645	12524.3571	6534.84246	10615.2835	11345.1588
10:15:00	5	Fr	10982.03892	6881.433764	14176.39466	11432.95602	11802.70713	11350.09369
10:30:00	5	Fr	13831.86622	7606.540083	12363.34588	11939.49675	10377.50411	11409.31148
10:45:00	5	Fr	11430.32295	8158.5408	12405.60061	11888.51444	11273.06416	11498.13837
11:00:00	5	Fr	14170.91898	8054.166508	11272.44868	12495.75015	10488.94501	11621.50884
11:15:00	5	Fr	15470.68178	7569.885731	15992.7846	12330.35164	11757.05918	11749.81439
11:30:00	5	Fr	20076.18938	7433.621747	11683.57292	12652.5014	10816.36104	11843.57596
11:45:00	5	Fr	15454.93755	7214.884973	13810.47831	10946.80023	11723.57874	11863.31529
12:00:00	5	Fr	17334.78406	6847.587075	9669.617139	9977.891508	13976.15675	11759.68395
12:15:00	5	Fr	18725.02603	6410.243684	11159.32382	6842.628493	12582.44715	11498.13837
12:30:00	5	Fr	16788.26594	6597.197681	9957.670484	6584.239631	11703.18456	11108.28723
12:45:00	5	Fr	17303.55548	6965.973786	9052.096109	6510.902668	12550.56527	10644.41386
13:00:00	5	Fr	11586.30878	6472.105914	12090.09502	6307.485824	11577.09971	10145.9967
13:15:00	5	Fr	12379.03206	6498.960006	10116.86807	7460.177182	17347.95736	9657.449309
13:30:00	5	Fr	12193.61539	7572.804957	12257.75105	6199.049013	11134.52174	9213.315064
13:45:00	5	Fr	9902.329226	7392.405274	9045.315986	6127.400048	12077.21713	8843.203458
14:00:00	5	Fr	11931.55477	7022.370767	10051.17554	7280.141685	11209.12406	8576.72299
14:15:00	5	Fr	14039.91075	6129.238273	8491.693418	12064.64505	12713.24974	8438.547874
14:30:00	5	Fr	16148.5563	5565.874089	12797.7718	13048.92538	10504.02661	8423.743426
14:45:00	5	Fr	11233.21021	5861.110396	10934.94152	13777.0322	10234.01905	8522.439881
15:00:00	5	Fr	8642.643711	6031.188529	10052.36153	13141.0276	12108.29525	8714.897908
15:15:00	5	Fr	11299.62298	6084.545424	8658.33789	13201.54376	13920.03825	8986.313258
15:30:00	5	Fr	13667.50555	6587.205507	11470.70574	13070.6859	12761.36518	9287.337504
15:45:00	5	Fr	13556.0706	6190.100422	8316.592133	13124.17219	10621.36151	9568.62242
16:00:00	5	Fr	14259.76938	5633.307153	12047.47594	13120.09458	11378.33441	9775.885094
16:15:00	5	Fr	14928.18548	5558.481394	9301.159262	10847.03868	12202.58383	9874.581549
16:30:00	5	Fr	13777.97241	5789.388141	11251.79123	10058.77725	11131.87152	9904.190446
16:45:00	5	Fr	9599.714921	5855.602647	13634.61	10766.09537	11992.28994	9914.060012
17:00:00	5	Fr	7583.847335	5999.01661	9406.988034	12773.74098	16671.33446	9958.473555
17:15:00	5	Fr	12169.24922	6514.581453	11121.48702	16237.95256	13207.79198	10067.03958
17:30:00	5	Fr	12634.33642	6591.582354	12675.0783	15241.05562	12445.61064	10155.86647
17:45:00	5	Fr	11389.61895	6231.819592	10524.70169	15661.92065	11816.57671	10141.06202
18:00:00	5	Fr	8884.582469	6327.958824	9453.12515	15314.69349	10747.91915	9914.060012
18:15:00	5	Fr	10121.91272	6096.195102	12113.4994	15124.71653	4350.257058	9410.708172
18:30:00	5	Fr	8579.256659	5993.057962	11854.01256	14941.10776	2407.876304	8714.897908
18:45:00	5	Fr	9028.721925	6562.922007	13041.94997	14500.80657	2345.252372	7920.391388
19:00:00	5	Fr	9652.613468	7177.482885	12481.47799	14130.94688	2420.381316	7145.624198
19:15:00	5	Fr	8585.660498	6925.446611	8693.953507	14753.90038	2378.540344	6479.423029
19:30:00	5	Fr	8767.622602	7257.420278	10006.05732	14889.77388	2351.072891	5926.722763
19:45:00	5	Fr	11407.2603	7213.476493	11273.97784	14510.36038	2450.20956	5492.458283
20:00:00	5	Fr	8193.943577	6892.250706	9669.469604	14239.96593	2368.838573	5161.82514
20:15:00	5	Fr	7418.216252	7094.213882	9705.353393	14356.30041	2601.111953	4934.823333
20:30:00	5	Fr	7071.944425	6620.658405	10138.93567	14947.78453	4626.47488	4771.974203
20:45:00	5	Fr	7009.773855	6066.807605	7454.123463	14654.75908	3666.442201	4643.668653
21:00:00	5	Fr	5790.813989	5661.962188	10590.45698	12842.69252	2392.718994	4520.298184
21:15:00	5	Fr	5606.081785	5953.060047	7125.955069	11447.81486	3844.32647	4367.318619
21:30:00	5	Fr	6390.921906	5988.299942	8630.778866	9640.595826	5799.15713	4204.469489
21:45:00	5	Fr	6507.310685	6629.123896	5060.843105	8659.288493	2374.94932	4051.489924
22:00:00	5	Fr	6143.418322	6762.509825	4153.313678	6727.968196	2415.490099	3918.249691
22:15:00	5	Fr	6148.061763	6304.982202	6561.007707	6199.367959	2325.888763	3829.422802
22:30:00	5	Fr	6112.396515	6198.447709	3598.411381	5308.104857	2338.473959	3770.205009
22:45:00	5	Fr	5234.322406	5642.49581	5488.420836	3325.102949	2371.963668	3730.726347
23:00:00	5	Fr	4834.31217	5334.358064	4195.515013	890.0161015	2284.111683	3686.313002
23:15:00	5	Fr	4871.839296	5211.543705	3873.825151	943.3859981	2346.452096	3636.964775
23:30:00	5	Fr	5014.879458	5124.757153	5461.183375	796.0074443	2341.926498	3567.877217
23:45:00	5	Fr	4911.657146	5428.03893	3805.524254	793.9675878	2373.036407	3479.050526
00:00:00	6	Sa	4251.238413	5891.741686	5420.6355	553.1280263	2390.617442	3365.549425
00:15:00	6	Sa	3690.583189	5269.442467	4241.826156	623.1547681	2342.34339	3454.376314
00:30:00	6	Sa	4092.102034	5733.943428	3482.288934	323.883714	2478.598328	3602.420996
00:45:00	6	Sa	4431.927562	5233.890129	5086.050116	327.8127574	2364.653198	3745.530994
01:00:00	6	Sa	4100.884916	5190.991249	2827.554255	331.2178517	2348.050981	3829.422802
01:15:00	6	Sa	3665.960551	5842.174605	3362.833687	333.1780435	2421.308542	3804.748788
01:30:00	6	Sa	4244.882554	5467.371453	5771.093202	386.0618442	2430.062002	3701.117451
01:45:00	6	Sa	4647.823814	5759.626111	4018.946929	360.0548491	2382.830181	3558.007651
02:00:00	6	Sa	3799.002623	5242.263647	4719.309278	362.7085624	2383.234136	3409.962968
02:15:00	6	Sa	3420.448347	5706.33363	3324.737473	309.8731218	2389.639262	3296.462065
02:30:00	6	Sa	3363.581687	5491.342179	3446.853865	352.2504237	2488.211609	3212.570059
02:45:00	6	Sa	3784.538999	5655.955727	5364.230385	318.3060128	2357.905293	3163.221831
03:00:00	6	Sa	3017.442123	5807.079476	2860.146204	324.8459028	2392.030563	3133.612736
03:15:00	6	Sa	2861.075419	5717.632019	3927.664692	358.2067059	4070.774699	3128.678052
03:30:00	6	Sa	3480.147524	4890.520789	5809.309034	351.8072186	3996.024473	3138.547619
03:45:00	6	Sa	3582.005804	5468.250342	3324.234344	375.3426904	2408.295432	3158.286949
04:00:00	6	Sa	2860.492866	5466.318911	3527.642317	346.8884	2344.11654	3182.960964
04:15:00	6	Sa	3293.89461	5094.374888	5259.689086	320.5364072	2473.341652	3207.635177
04:30:00	6	Sa	3081.695363	5127.936361	2543.605827	298.8658463	2364.674442	3237.244073
04:45:00	6	Sa	2825.695078	5810.077725	3597.562439	342.152563	2379.512773	3271.787852
05:00:00	6	Sa	2847.006887	5803.889311	5190.434913	374.9806612	2484.371408	3321.13608
05:15:00	6	Sa	3202.664105	6489.596037	4129.352162	362.642643	2594.155282	3380.354072
05:30:00	6	Sa	3797.229912	6657.563774	6525.737699	355.6916201	2573.258436	3449.441431
05:45:00	6	Sa	3360.350682	5997.966725	4407.740285	303.9284259	2447.728652	3523.463872
06:00:00	6	Sa	3116.198901	5482.859754	3328.412417	338.6793184	2476.508436	3597.486114
06:15:00	6	Sa	2969.751737	4733.323509	6465.827184	336.9412329	2500.939602	3671.508554
06:30:00	6	Sa	2982.390636	5383.101705	6031.869551	338.8480511	2458.352537	3789.944339
06:45:00	6	Sa	3046.902246	5433.510155	7081.459594	358.9426864	2372.105188	3997.206815
07:00:00	6	Sa	2818.895086	6244.690485	3835.693275	445.5067164	4176.897269	4332.77484
07:15:00	6	Sa	2729.179983	6007.840031	3296.619892	1839.641418	8068.219161	4836.126879
07:30:00	6	Sa	2755.216969	5990.882488	5604.665143	2194.882732	7063.795599	5462.849386
07:45:00	6	Sa	2979.77042	6152.254075	2915.736407	1914.528399	12433.94915	6158.659452
08:00:00	6	Sa	3590.055823	5126.796826	4782.199036	1563.499596	10280.27397	6869.274164
08:15:00	6	Sa	2806.594807	6151.355596	4292.217355	7385.484601	12649.03874	7550.279781
08:30:00	6	Sa	2799.097194	6300.097346	2911.239828	7271.882852	10889.99476	8162.197841
08:45:00	6	Sa	2756.815806	6101.386756	4511.707743	7394.463462	10256.25075	8680.354129
09:00:00	6	Sa	2735.912676	6421.272462	3375.840063	7296.120481	9552.408128	9085.009713
09:15:00	6	Sa	2762.835381	6334.139933	3909.407755	12050.04414	12603.40485	9351.49018
09:30:00	6	Sa	2752.060057	5374.390178	5553.151123	13043.42922	8757.367364	9514.339311
09:45:00	6	Sa	2742.312269	5735.302767	3461.999917	15557.61479	9117.535474	9627.840214
10:00:00	6	Sa	2730.595817	6216.259904	6767.911911	14510.82402	10315.42965	9726.536867
10:15:00	6	Sa	2683.05022	5811.443706	11470.62423	14268.45541	9331.31401	9859.776902
10:30:00	6	Sa	3588.032597	5730.512872	7714.404223	14997.72748	9189.536767	10002.8869
10:45:00	6	Sa	3182.213388	5478.055914	9333.823349	14054.03126	9423.61684	10136.12713
11:00:00	6	Sa	3238.664363	5640.423265	10413.19401	13703.24081	12447.99379	10234.82359
11:15:00	6	Sa	3154.172071	5286.986379	10854.66904	14678.54918	10310.26338	10284.17182
11:30:00	6	Sa	3166.112288	5094.162387	10072.32939	14711.92227	9380.388463	10279.23693
11:45:00	6	Sa	3208.874113	4443.472099	9941.055188	14251.28526	9498.41211	10234.82359
12:00:00	6	Sa	3253.836223	2769.941806	10141.18375	15223.11171	11350.63999	10145.9967
12:15:00	6	Sa	3173.923469	1297.117864	10127.59172	15109.29657	12806.49689	10017.69135
12:30:00	6	Sa	3165.580263	878.9607825	9610.975351	14350.03355	9222.535469	9854.842218
12:45:00	6	Sa	3262.914839	641.9196598	10805.95534	13911.22922	10400.24503	9652.514427
13:00:00	6	Sa	3834.019929	683.8167988	8562.221208	14931.25919	10280.0759	9405.77329
13:15:00	6	Sa	3556.1877	630.1432696	11027.15136	14764.44442	9590.021716	9109.683925
13:30:00	6	Sa	3377.749576	552.0034982	13395.77246	13658.98746	9136.456954	8759.311452
13:45:00	6	Sa	3265.646087	615.8687944	9657.220062	14039.7919	11914.10203	8334.916537
14:00:00	6	Sa	3194.518763	647.3192489	9223.036234	14833.14035	10208.28928	7836.499381
14:15:00	6	Sa	3193.696097	686.4406825	9897.937256	13830.6321	7787.873307	7264.059983
14:30:00	6	Sa	3329.680657	547.662386	10165.92248	13598.9503	5884.141184	6652.141924
14:45:00	6	Sa	3332.31722	778.9974539	11254.27896	13794.27757	4825.296726	6055.028313
15:00:00	6	Sa	3242.647337	1060.667427	8610.625157	14096.46228	11790.72747	5531.936944
15:15:00	6	Sa	3252.31254	978.3747639	9723.576095	12931.42412	6501.612664	5122.346677
15:30:00	6	Sa	3409.931606	1067.139895	7057.390075	12472.63555	2857.478194	4806.517982
15:45:00	6	Sa	3914.190204	734.4570903	8960.330509	12634.40013	2822.503006	4569.646411
16:00:00	6	Sa	3502.632931	694.6014921	5548.339502	12427.21696	2674.086474	4382.123068
16:15:00	6	Sa	3365.477532	764.3387346	6123.695878	12487.34009	7029.01624	4224.208819
16:30:00	6	Sa	3287.053007	847.8277092	6858.608896	12667.53832	5588.264575	4110.707916
16:45:00	6	Sa	3137.776086	714.3053978	5160.98197	12574.46353	561.409888	4066.294373
17:00:00	6	Sa	2828.606571	831.847336	6545.847391	12992.3594	619.2672311	4105.773034
17:15:00	6	Sa	2822.167702	963.1459454	6153.218513	12951.28861	697.1795296	4234.078386
17:30:00	6	Sa	2828.672808	1119.142265	5393.680883	12704.18071	2368.954696	4416.666847
17:45:00	6	Sa	2777.311955	1098.199091	5048.713385	12748.26134	2301.886469	4609.125072
18:00:00	6	Sa	2788.539691	1094.132113	5123.459393	12584.43415	2365.242917	4747.29999
18:15:00	6	Sa	3434.102468	1130.264344	5432.552475	12881.30615	2317.505395	4806.517982
18:30:00	6	Sa	2964.531687	1117.763668	5602.009092	10118.85817	2446.010768	4806.517982
18:45:00	6	Sa	3135.849244	1073.074471	6609.526588	10100.6763	2286.518956	4776.908887
19:00:00	6	Sa	3993.780897	915.4341771	4149.406019	9744.092613	2426.333451	4747.29999
19:15:00	6	Sa	3100.632587	926.5481217	3972.053387	9832.645357	5972.963203	4752.234872
19:30:00	6	Sa	2522.355129	1241.351661	5056.285392	9723.597903	2394.457164	4776.908887
19:45:00	6	Sa	2636.618777	1410.660808	3053.517264	9687.137447	2357.315095	4796.648217
20:00:00	6	Sa	2590.052099	1057.516691	3063.400528	10017.42859	2403.27771	4796.648217
20:15:00	6	Sa	2596.47462	1050.157947	4646.327586	12427.33747	2418.741539	4752.234872
20:30:00	6	Sa	2573.883063	1076.233341	2765.348785	13433.80128	2453.459084	4678.212432
20:45:00	6	Sa	2610.349322	1047.969606	3018.451238	11010.70083	2386.65377	4579.515977
21:00:00	6	Sa	3181.369917	1030.702609	3519.688837	7066.051456	2340.890337	4470.949956
21:15:00	6	Sa	2819.67423	951.5104614	3196.114836	6979.67415	2375.027427	4367.318619
21:30:00	6	Sa	2848.529932	908.6991549	3954.777033	6923.712286	2314.372154	4263.687282
21:45:00	6	Sa	3100.273375	1011.86734	2735.436932	6777.321612	2342.980868	4160.056144
22:00:00	6	Sa	3109.159222	1022.00428	2100.497718	5810.613661	2412.209747	4056.424807
22:15:00	6	Sa	3054.770323	1016.230989	3928.918338	1109.7731	2326.819503	3952.79347
22:30:00	6	Sa	2989.406538	1019.40339	2273.256976	1129.662156	2345.868926	3849.162133
22:45:00	6	Sa	2876.855945	1021.699309	2337.333337	1012.32363	2330.04938	3745.530994
23:00:00	6	Sa	2728.148202	1000.655695	3369.310588	1225.989173	2419.000939	3641.899657
23:15:00	6	Sa	2764.824851	1021.776838	2675.542924	576.8915535	2313.991839	3538.26832
23:30:00	6	Sa	2892.322053	1020.129876	3082.203592	378.5643952	2312.342	3439.571865
23:45:00	6	Sa	2774.052714	827.5709286	4071.494106	352.280217	2366.875825	3335.940528
00:00:00	7	So	3007.937419	951.2509783	2159.950546	369.1542749	5697.416243	3227.374507
00:15:00	7	So	2938.264567	999.9331104	2742.259849	410.893204	2317.499485	3118.808288
00:30:00	7	So	2371.022712	1211.860404	3441.57233	389.9600389	2395.478949	3010.242267
00:45:00	7	So	2291.076628	1033.531688	2919.588843	370.4706007	2362.585827	2906.61093
01:00:00	7	So	2727.767122	1012.786986	3181.528361	335.6306402	2408.217804	2812.849358
01:15:00	7	So	2718.437142	1011.386641	2730.034353	324.0948097	2408.081555	2728.957351
01:30:00	7	So	2418.888247	1006.835975	2431.998096	324.6225011	2390.545724	2650.000029
01:45:00	7	So	2351.530533	1002.439621	4289.471642	348.0170425	2465.877043	2571.042905
02:00:00	7	So	2732.95278	862.9522696	2167.429222	367.1482417	2373.047588	2492.08578
02:15:00	7	So	2730.295411	915.2500653	2037.538879	375.4096174	2405.574771	2403.258892
02:30:00	7	So	2307.36073	998.6149429	4016.440044	343.0037106	2430.755864	2314.432201
02:45:00	7	So	2387.317855	1058.367856	2095.528576	309.4892394	2401.073612	2230.540195
03:00:00	7	So	2516.635535	1014.253074	2225.38713	349.2165941	2439.251043	2166.387519
03:15:00	7	So	3178.686011	1047.980646	3999.148611	323.1228818	2417.774381	2121.973976
03:30:00	7	So	2805.763225	1039.726245	2564.613572	359.7075006	2372.837544	2097.299961
03:45:00	7	So	2629.011405	1037.000926	2553.010008	356.201944	2478.115787	2082.495513
04:00:00	7	So	2278.036692	1011.028295	3644.150721	353.5518769	2369.955397	2072.625748
04:15:00	7	So	2629.564236	1016.335579	2000.818578	358.8173963	2411.355518	2067.691065
04:30:00	7	So	2888.643942	816.3031701	2392.342772	349.635979	2435.91878	2062.756182
04:45:00	7	So	2636.981387	1023.949989	4524.04002	332.2836213	2423.675084	2062.756182
05:00:00	7	So	2283.046565	1065.377219	1937.319114	302.0689123	2445.280807	2072.625748
05:15:00	7	So	2299.450193	1096.767202	2963.611551	345.6789173	2605.620619	2102.234645
05:30:00	7	So	2645.494221	1427.133585	5786.926802	371.8668551	2571.544066	2141.713306
05:45:00	7	So	2892.582546	3134.888087	2925.122859	403.7999074	2598.720013	2191.061534
06:00:00	7	So	2793.197145	4335.975045	1770.024384	335.8483567	2422.498202	2260.149092
06:15:00	7	So	3056.710752	4201.342999	4091.70528	300.5132087	2551.323672	2339.106216
06:30:00	7	So	2546.595414	4234.760371	5083.984208	323.6797907	5922.411578	2418.06334
06:45:00	7	So	2509.118391	3923.550996	5955.152596	336.4743994	2582.014293	2487.150898
07:00:00	7	So	2476.543817	4391.664134	2457.11789	599.6390386	2429.347854	2536.499126
07:15:00	7	So	2360.241445	4194.694389	2861.002889	1379.547026	2484.27589	2556.238456
07:30:00	7	So	2308.127773	4840.156831	3998.264212	1643.138727	2414.541789	2551.303574
07:45:00	7	So	2313.564582	4239.774387	1865.901219	5195.811519	2569.475738	2526.629559
08:00:00	7	So	2668.059878	4346.077454	1919.566326	4850.3069	2399.134024	2492.08578
08:15:00	7	So	2333.943541	4418.1251	4197.860098	4365.408087	2459.968833	2447.672435
08:30:00	7	So	2347.947109	4560.087419	2488.180481	4479.164127	2472.508506	2418.06334
08:45:00	7	So	2324.257745	4217.19056	2049.755001	1597.734816	2036.014764	2408.193774
09:00:00	7	So	2662.017375	3922.423747	4050.212279	1494.327744	601.9422814	2442.737553
09:15:00	7	So	2682.230102	4116.739891	2788.157729	3845.737968	612.0997983	2531.564442
09:30:00	7	So	2408.55005	4137.993598	1935.526881	3716.913146	629.757623	2654.934911
09:45:00	7	So	2373.608535	3183.367099	3353.718261	7736.354122	639.0389473	2802.979593
10:00:00	7	So	2304.001708	2933.819406	2454.30493	9429.024161	601.5846885	2951.024275
10:15:00	7	So	2261.462587	2953.108811	2318.530478	12215.21158	579.4915531	3089.199391
10:30:00	7	So	2261.327776	2430.578433	3213.463124	12412.51932	697.6429829	3212.570059
10:45:00	7	So	2619.41244	1939.185029	2856.975	12892.26931	572.4365295	3316.201198
11:00:00	7	So	2354.587239	1796.09264	2364.881357	12663.23504	586.9019734	3409.962968
11:15:00	7	So	2256.707051	1794.13282	2726.77634	12577.62075	587.6746617	3493.854975
11:30:00	7	So	2295.18592	1304.561858	3435.325292	12500.05036	678.4516415	3562.942533
11:45:00	7	So	2337.319335	889.0362967	2044.936859	12392.12901	536.4384787	3627.095209
12:00:00	7	So	2388.133302	1229.625865	2357.20094	12446.91794	666.1776774	3686.313002
12:15:00	7	So	2943.123494	1075.220975	4259.176278	12679.21691	533.9031825	3750.465678
12:30:00	7	So	2349.995811	709.5352586	2512.222285	12419.53614	712.9490797	3814.618354
12:45:00	7	So	2311.946001	296.4776709	2380.021703	12523.28701	574.9493438	3868.901463
13:00:00	7	So	2259.428321	329.4453046	4258.725112	12338.78626	636.1691789	3918.249691
13:15:00	7	So	2302.13049	856.4424482	2053.623535	12409.3429	540.8405259	3952.79347
13:30:00	7	So	3585.165263	905.8448409	1849.146946	12501.53187	721.5242827	3972.5328
13:45:00	7	So	2349.314114	1142.892521	3404.511923	12419.65666	544.0891311	3962.663036
14:00:00	7	So	2305.798622	1372.440177	2604.34511	12396.47988	649.566516	3918.249691
14:15:00	7	So	2336.040223	2740.595979	3016.627827	12467.18314	4299.121145	3839.292567
14:30:00	7	So	2435.82114	2594.127984	3971.370321	12350.52088	645.8061794	3735.66123
14:45:00	7	So	2388.71076	2873.817884	2839.18594	12421.91039	549.0913595	3622.160326
15:00:00	7	So	2421.946014	2941.791496	5718.326759	12534.61556	636.907246	3503.724541
15:15:00	7	So	2341.104869	2999.026526	3303.808387	11384.19828	597.0416007	3400.093204
15:30:00	7	So	3049.916279	2419.356412	2851.572829	12346.33888	612.3394715	3306.331631
15:45:00	7	So	2322.968443	3084.789423	3690.044117	12497.47269	610.4969992	3217.504743
16:00:00	7	So	2385.824956	3710.720409	2143.041198	12473.01015	573.5057145	3133.612736
16:15:00	7	So	2678.522058	4115.317798	2733.338624	12484.0731	670.4169609	3059.590494
16:30:00	7	So	2340.958806	3625.692631	3883.336723	12336.42353	567.4197258	3020.111833
16:45:00	7	So	2326.807901	4217.648432	2677.661203	12358.39437	617.5759821	3049.72073
17:00:00	7	So	2373.394324	4494.979908	4185.251498	12696.65649	639.3721017	3182.960964
17:15:00	7	So	2399.008831	4443.139071	3999.903815	12667.8377	2301.788395	3429.702299
17:30:00	7	So	2417.584083	4026.055283	3883.719419	12477.13841	2256.020649	3750.465678
17:45:00	7	So	2347.134635	4701.983663	5098.285394	12327.68109	2401.954676	4076.164137
18:00:00	7	So	2353.512785	4805.580668	3035.200416	12696.66263	2292.149558	4332.77484
18:15:00	7	So	2306.617465	4583.058728	4318.21299	11227.44165	2466.37412	4480.819523
18:30:00	7	So	2285.356397	4602.400594	5329.143778	9905.083436	2333.546643	4544.972198
18:45:00	7	So	3217.150445	4803.563573	5945.121389	9774.321523	2392.507993	4554.841963
19:00:00	7	So	2808.542666	4766.165801	2761.376324	9627.557786	2304.091685	4564.711529
19:15:00	7	So	2531.964921	4676.279065	2716.941778	9673.497592	2472.029	4594.320426
19:30:00	7	So	2573.260173	4810.476149	3629.29811	9757.462266	2322.60378	4638.733969
19:45:00	7	So	2671.563052	4693.621766	2900.565495	10520.50658	2360.836158	4668.342866
20:00:00	7	So	2598.59784	4521.479722	4202.884057	12764.22478	2357.715535	4658.4733
20:15:00	7	So	2541.683836	4737.308558	3293.851559	7765.232787	2412.491988	4589.385742
20:30:00	7	So	2582.163853	4897.842097	2538.277423	5135.072366	2375.326439	4480.819523
20:45:00	7	So	2687.79323	4671.416455	4058.087101	4198.214888	2383.595123	4342.644605
21:00:00	7	So	2561.811219	4677.276822	2625.938718	4136.881212	2364.450981	4194.599923
21:15:00	7	So	2636.606676	4962.277243	2431.508824	4047.146332	2375.892838	4051.489924
21:30:00	7	So	2629.601389	4466.147568	4275.232813	2795.226159	2301.613332	3918.249691
21:45:00	7	So	3433.696337	4627.369076	2586.484726	569.9359009	2277.807505	3794.879221
22:00:00	7	So	3352.518271	4991.894839	2238.50049	552.8285103	2318.658956	3686.313002
22:15:00	7	So	3063.80754	4991.130169	4434.934546	578.5805114	2318.235036	3592.55143
22:30:00	7	So	3116.687193	4978.886485	2166.981113	570.6271435	7398.760413	3508.659423
22:45:00	7	So	2878.110642	5111.38456	1670.519169	580.2064763	2354.799525	3419.832535
23:00:00	7	So	2820.895596	5643.944134	3961.480128	574.3161855	2316.560758	3321.13608
23:15:00	7	So	2807.391571	5037.583452	2379.132821	532.0572652	2357.892674	3207.635177
23:30:00	7	So	2826.94744	5555.314472	2087.220724	302.4943662	2390.28297	3089.199391
23:45:00	7	So	2807.391571	5649.102585	4327.876581	312.1571777	2378.413519	2980.63337
